1.000000000000000000e+00 0.000000000000000000e+00 0.000000000000000000e+00 1.388821750423976150e-03
0.000000000000000000e+00 1.000000000000000000e+00 0.000000000000000000e+00 1.388821750423976150e-03
0.000000000000000000e+00 0.000000000000000000e+00 1.000000000000000000e+00 1.388821750423976150e-03
0.000000000000000000e+00 7.071067811865475727e-01 7.071067811865475727e-01 1.156763661782805007e-02
0.000000000000000000e+00 7.071067811865475727e-01 -7.071067811865475727e-01 1.156763661782805007e-02
7.071067811865475727e-01 0.000000000000000000e+00 7.071067811865475727e-01 1.156763661782805007e-02
-7.071067811865475727e-01 0.000000000000000000e+00 7.071067811865475727e-01 1.156763661782805007e-02
7.071067811865475727e-01 7.071067811865475727e-01 0.000000000000000000e+00 1.156763661782805007e-02
7.071067811865475727e-01 -7.071067811865475727e-01 0.000000000000000000e+00 1.156763661782805007e-02
5.773502691896257311e-01 5.773502691896257311e-01 5.773502691896257311e-01 1.147706707566112719e-02
5.773502691896257311e-01 -5.773502691896257311e-01 5.773502691896257311e-01 1.147706707566112719e-02
-5.773502691896257311e-01 -5.773502691896257311e-01 5.773502691896257311e-01 1.147706707566112719e-02
-5.773502691896257311e-01 5.773502691896257311e-01 -5.773502691896257311e-01 1.147706707566112719e-02
3.712636449657089055e-02 3.712636449657089055e-02 9.986206817999192520e-01 4.637520929383972569e-03
3.712636449657089055e-02 -3.712636449657089055e-02 9.986206817999192520e-01 4.637520929383972569e-03
-3.712636449657089055e-02 -3.712636449657089055e-02 9.986206817999192520e-01 4.637520929383972569e-03
3.712636449657089055e-02 -3.712636449657089055e-02 -9.986206817999192520e-01 4.637520929383972569e-03
-3.712636449657089055e-02 9.986206817999192520e-01 3.712636449657089055e-02 4.637520929383972569e-03
3.712636449657089055e-02 9.986206817999192520e-01 -3.712636449657089055e-02 4.637520929383972569e-03
-3.712636449657089055e-02 9.986206817999192520e-01 -3.712636449657089055e-02 4.637520929383972569e-03
-3.712636449657089055e-02 -9.986206817999192520e-01 -3.712636449657089055e-02 4.637520929383972569e-03
9.986206817999192520e-01 3.712636449657089055e-02 3.712636449657089055e-02 4.637520929383972569e-03
9.986206817999192520e-01 -3.712636449657089055e-02 3.712636449657089055e-02 4.637520929383972569e-03
-9.986206817999192520e-01 -3.712636449657089055e-02 3.712636449657089055e-02 4.637520929383972569e-03
9.986206817999192520e-01 -3.712636449657089055e-02 -3.712636449657089055e-02 4.637520929383972569e-03
9.140060412262222822e-02 9.140060412262222822e-02 9.916107397220138564e-01 7.042182692930802276e-03
9.140060412262222822e-02 -9.140060412262222822e-02 9.916107397220138564e-01 7.042182692930802276e-03
-9.140060412262222822e-02 -9.140060412262222822e-02 9.916107397220138564e-01 7.042182692930802276e-03
9.140060412262222822e-02 -9.140060412262222822e-02 -9.916107397220138564e-01 7.042182692930802276e-03
-9.140060412262222822e-02 9.916107397220138564e-01 9.140060412262222822e-02 7.042182692930802276e-03
9.140060412262222822e-02 9.916107397220138564e-01 -9.140060412262222822e-02 7.042182692930802276e-03
-9.140060412262222822e-02 9.916107397220138564e-01 -9.140060412262222822e-02 7.042182692930802276e-03
-9.140060412262222822e-02 -9.916107397220138564e-01 -9.140060412262222822e-02 7.042182692930802276e-03
9.916107397220138564e-01 9.140060412262222822e-02 9.140060412262222822e-02 7.042182692930802276e-03
9.916107397220138564e-01 -9.140060412262222822e-02 9.140060412262222822e-02 7.042182692930802276e-03
-9.916107397220138564e-01 -9.140060412262222822e-02 9.140060412262222822e-02 7.042182692930802276e-03
9.916107397220138564e-01 -9.140060412262222822e-02 -9.140060412262222822e-02 7.042182692930802276e-03
1.531077852469905909e-01 1.531077852469905909e-01 9.762766063946850537e-01 8.627187438744667036e-03
1.531077852469905909e-01 -1.531077852469905909e-01 9.762766063946850537e-01 8.627187438744667036e-03
-1.531077852469905909e-01 -1.531077852469905909e-01 9.762766063946850537e-01 8.627187438744667036e-03
1.531077852469905909e-01 -1.531077852469905909e-01 -9.762766063946850537e-01 8.627187438744667036e-03
-1.531077852469905909e-01 9.762766063946850537e-01 1.531077852469905909e-01 8.627187438744667036e-03
1.531077852469905909e-01 9.762766063946850537e-01 -1.531077852469905909e-01 8.627187438744667036e-03
-1.531077852469905909e-01 9.762766063946850537e-01 -1.531077852469905909e-01 8.627187438744667036e-03
-1.531077852469905909e-01 -9.762766063946850537e-01 -1.531077852469905909e-01 8.627187438744667036e-03
9.762766063946850537e-01 1.531077852469905909e-01 1.531077852469905909e-01 8.627187438744667036e-03
9.762766063946850537e-01 -1.531077852469905909e-01 1.531077852469905909e-01 8.627187438744667036e-03
-9.762766063946850537e-01 -1.531077852469905909e-01 1.531077852469905909e-01 8.627187438744667036e-03
9.762766063946850537e-01 -1.531077852469905909e-01 -1.531077852469905909e-01 8.627187438744667036e-03
2.180928891660612046e-01 2.180928891660612046e-01 9.512470674805785231e-01 9.701663550202072397e-03
2.180928891660612046e-01 -2.180928891660612046e-01 9.512470674805785231e-01 9.701663550202072397e-03
-2.180928891660612046e-01 -2.180928891660612046e-01 9.512470674805785231e-01 9.701663550202072397e-03
2.180928891660612046e-01 -2.180928891660612046e-01 -9.512470674805785231e-01 9.701663550202072397e-03
-2.180928891660612046e-01 9.512470674805785231e-01 2.180928891660612046e-01 9.701663550202072397e-03
2.180928891660612046e-01 9.512470674805785231e-01 -2.180928891660612046e-01 9.701663550202072397e-03
-2.180928891660612046e-01 9.512470674805785231e-01 -2.180928891660612046e-01 9.701663550202072397e-03
-2.180928891660612046e-01 -9.512470674805785231e-01 -2.180928891660612046e-01 9.701663550202072397e-03
9.512470674805785231e-01 2.180928891660612046e-01 2.180928891660612046e-01 9.701663550202072397e-03
9.512470674805785231e-01 -2.180928891660612046e-01 2.180928891660612046e-01 9.701663550202072397e-03
-9.512470674805785231e-01 -2.180928891660612046e-01 2.180928891660612046e-01 9.701663550202072397e-03
9.512470674805785231e-01 -2.180928891660612046e-01 -2.180928891660612046e-01 9.701663550202072397e-03
2.839874532200175050e-01 2.839874532200175050e-01 9.158068862086683470e-01 1.043203031916076912e-02
2.839874532200175050e-01 -2.839874532200175050e-01 9.158068862086683470e-01 1.043203031916076912e-02
-2.839874532200175050e-01 -2.839874532200175050e-01 9.158068862086683470e-01 1.043203031916076912e-02
2.839874532200175050e-01 -2.839874532200175050e-01 -9.158068862086683470e-01 1.043203031916076912e-02
-2.839874532200175050e-01 9.158068862086683470e-01 2.839874532200175050e-01 1.043203031916076912e-02
2.839874532200175050e-01 9.158068862086683470e-01 -2.839874532200175050e-01 1.043203031916076912e-02
-2.839874532200175050e-01 9.158068862086683470e-01 -2.839874532200175050e-01 1.043203031916076912e-02
-2.839874532200175050e-01 -9.158068862086683470e-01 -2.839874532200175050e-01 1.043203031916076912e-02
9.158068862086683470e-01 2.839874532200175050e-01 2.839874532200175050e-01 1.043203031916076912e-02
9.158068862086683470e-01 -2.839874532200175050e-01 2.839874532200175050e-01 1.043203031916076912e-02
-9.158068862086683470e-01 -2.839874532200175050e-01 2.839874532200175050e-01 1.043203031916076912e-02
9.158068862086683470e-01 -2.839874532200175050e-01 -2.839874532200175050e-01 1.043203031916076912e-02
3.491177600963764061e-01 3.491177600963764061e-01 8.696169151819540533e-01 1.091601979985500070e-02
3.491177600963764061e-01 -3.491177600963764061e-01 8.696169151819540533e-01 1.091601979985500070e-02
-3.491177600963764061e-01 -3.491177600963764061e-01 8.696169151819540533e-01 1.091601979985500070e-02
3.491177600963764061e-01 -3.491177600963764061e-01 -8.696169151819540533e-01 1.091601979985500070e-02
-3.491177600963764061e-01 8.696169151819540533e-01 3.491177600963764061e-01 1.091601979985500070e-02
3.491177600963764061e-01 8.696169151819540533e-01 -3.491177600963764061e-01 1.091601979985500070e-02
-3.491177600963764061e-01 8.696169151819540533e-01 -3.491177600963764061e-01 1.091601979985500070e-02
-3.491177600963764061e-01 -8.696169151819540533e-01 -3.491177600963764061e-01 1.091601979985500070e-02
8.696169151819540533e-01 3.491177600963764061e-01 3.491177600963764061e-01 1.091601979985500070e-02
8.696169151819540533e-01 -3.491177600963764061e-01 3.491177600963764061e-01 1.091601979985500070e-02
-8.696169151819540533e-01 -3.491177600963764061e-01 3.491177600963764061e-01 1.091601979985500070e-02
8.696169151819540533e-01 -3.491177600963764061e-01 -3.491177600963764061e-01 1.091601979985500070e-02
4.121431461444309274e-01 4.121431461444309274e-01 8.125737222999156462e-01 1.121809491106089823e-02
4.121431461444309274e-01 -4.121431461444309274e-01 8.125737222999156462e-01 1.121809491106089823e-02
-4.121431461444309274e-01 -4.121431461444309274e-01 8.125737222999156462e-01 1.121809491106089823e-02
4.121431461444309274e-01 -4.121431461444309274e-01 -8.125737222999156462e-01 1.121809491106089823e-02
-4.121431461444309274e-01 8.125737222999156462e-01 4.121431461444309274e-01 1.121809491106089823e-02
4.121431461444309274e-01 8.125737222999156462e-01 -4.121431461444309274e-01 1.121809491106089823e-02
-4.121431461444309274e-01 8.125737222999156462e-01 -4.121431461444309274e-01 1.121809491106089823e-02
-4.121431461444309274e-01 -8.125737222999156462e-01 -4.121431461444309274e-01 1.121809491106089823e-02
8.125737222999156462e-01 4.121431461444309274e-01 4.121431461444309274e-01 1.121809491106089823e-02
8.125737222999156462e-01 -4.121431461444309274e-01 4.121431461444309274e-01 1.121809491106089823e-02
-8.125737222999156462e-01 -4.121431461444309274e-01 4.121431461444309274e-01 1.121809491106089823e-02
8.125737222999156462e-01 -4.121431461444309274e-01 -4.121431461444309274e-01 1.121809491106089823e-02
4.718993627149126735e-01 4.718993627149126735e-01 7.447294696321065111e-01 1.138616251879345266e-02
4.718993627149126735e-01 -4.718993627149126735e-01 7.447294696321065111e-01 1.138616251879345266e-02
-4.718993627149126735e-01 -4.718993627149126735e-01 7.447294696321065111e-01 1.138616251879345266e-02
4.718993627149126735e-01 -4.718993627149126735e-01 -7.447294696321065111e-01 1.138616251879345266e-02
-4.718993627149126735e-01 7.447294696321065111e-01 4.718993627149126735e-01 1.138616251879345266e-02
4.718993627149126735e-01 7.447294696321065111e-01 -4.718993627149126735e-01 1.138616251879345266e-02
-4.718993627149126735e-01 7.447294696321065111e-01 -4.718993627149126735e-01 1.138616251879345266e-02
-4.718993627149126735e-01 -7.447294696321065111e-01 -4.718993627149126735e-01 1.138616251879345266e-02
7.447294696321065111e-01 4.718993627149126735e-01 4.718993627149126735e-01 1.138616251879345266e-02
7.447294696321065111e-01 -4.718993627149126735e-01 4.718993627149126735e-01 1.138616251879345266e-02
-7.447294696321065111e-01 -4.718993627149126735e-01 4.718993627149126735e-01 1.138616251879345266e-02
7.447294696321065111e-01 -4.718993627149126735e-01 -4.718993627149126735e-01 1.138616251879345266e-02
5.273145452842337155e-01 5.273145452842337155e-01 6.662422537361043506e-01 1.146025009059900741e-02
5.273145452842337155e-01 -5.273145452842337155e-01 6.662422537361043506e-01 1.146025009059900741e-02
-5.273145452842337155e-01 -5.273145452842337155e-01 6.662422537361043506e-01 1.146025009059900741e-02
5.273145452842337155e-01 -5.273145452842337155e-01 -6.662422537361043506e-01 1.146025009059900741e-02
-5.273145452842337155e-01 6.662422537361043506e-01 5.273145452842337155e-01 1.146025009059900741e-02
5.273145452842337155e-01 6.662422537361043506e-01 -5.273145452842337155e-01 1.146025009059900741e-02
-5.273145452842337155e-01 6.662422537361043506e-01 -5.273145452842337155e-01 1.146025009059900741e-02
-5.273145452842337155e-01 -6.662422537361043506e-01 -5.273145452842337155e-01 1.146025009059900741e-02
6.662422537361043506e-01 5.273145452842337155e-01 5.273145452842337155e-01 1.146025009059900741e-02
6.662422537361043506e-01 -5.273145452842337155e-01 5.273145452842337155e-01 1.146025009059900741e-02
-6.662422537361043506e-01 -5.273145452842337155e-01 5.273145452842337155e-01 1.146025009059900741e-02
6.662422537361043506e-01 -5.273145452842337155e-01 -5.273145452842337155e-01 1.146025009059900741e-02
6.209475332444018836e-01 6.209475332444018836e-01 4.783809380769522557e-01 1.147148804964643817e-02
6.209475332444018836e-01 -6.209475332444018836e-01 4.783809380769522557e-01 1.147148804964643817e-02
-6.209475332444018836e-01 -6.209475332444018836e-01 4.783809380769522557e-01 1.147148804964643817e-02
6.209475332444018836e-01 -6.209475332444018836e-01 -4.783809380769522557e-01 1.147148804964643817e-02
-6.209475332444018836e-01 4.783809380769522557e-01 6.209475332444018836e-01 1.147148804964643817e-02
6.209475332444018836e-01 4.783809380769522557e-01 -6.209475332444018836e-01 1.147148804964643817e-02
-6.209475332444018836e-01 4.783809380769522557e-01 -6.209475332444018836e-01 1.147148804964643817e-02
-6.209475332444018836e-01 -4.783809380769522557e-01 -6.209475332444018836e-01 1.147148804964643817e-02
4.783809380769522557e-01 6.209475332444018836e-01 6.209475332444018836e-01 1.147148804964643817e-02
4.783809380769522557e-01 -6.209475332444018836e-01 6.209475332444018836e-01 1.147148804964643817e-02
-4.783809380769522557e-01 -6.209475332444018836e-01 6.209475332444018836e-01 1.147148804964643817e-02
4.783809380769522557e-01 -6.209475332444018836e-01 -6.209475332444018836e-01 1.147148804964643817e-02
6.569722711857290953e-01 6.569722711857290953e-01 3.698308664594258111e-01 1.147399478559670179e-02
6.569722711857290953e-01 -6.569722711857290953e-01 3.698308664594258111e-01 1.147399478559670179e-02
-6.569722711857290953e-01 -6.569722711857290953e-01 3.698308664594258111e-01 1.147399478559670179e-02
6.569722711857290953e-01 -6.569722711857290953e-01 -3.698308664594258111e-01 1.147399478559670179e-02
-6.569722711857290953e-01 3.698308664594258111e-01 6.569722711857290953e-01 1.147399478559670179e-02
6.569722711857290953e-01 3.698308664594258111e-01 -6.569722711857290953e-01 1.147399478559670179e-02
-6.569722711857290953e-01 3.698308664594258111e-01 -6.569722711857290953e-01 1.147399478559670179e-02
-6.569722711857290953e-01 -3.698308664594258111e-01 -6.569722711857290953e-01 1.147399478559670179e-02
3.698308664594258111e-01 6.569722711857290953e-01 6.569722711857290953e-01 1.147399478559670179e-02
3.698308664594258111e-01 -6.569722711857290953e-01 6.569722711857290953e-01 1.147399478559670179e-02
-3.698308664594258111e-01 -6.569722711857290953e-01 6.569722711857290953e-01 1.147399478559670179e-02
3.698308664594258111e-01 -6.569722711857290953e-01 -6.569722711857290953e-01 1.147399478559670179e-02
6.841788309070142571e-01 6.841788309070142571e-01 2.525839557007182878e-01 1.150184041631592720e-02
6.841788309070142571e-01 -6.841788309070142571e-01 2.525839557007182878e-01 1.150184041631592720e-02
-6.841788309070142571e-01 -6.841788309070142571e-01 2.525839557007182878e-01 1.150184041631592720e-02
6.841788309070142571e-01 -6.841788309070142571e-01 -2.525839557007182878e-01 1.150184041631592720e-02
-6.841788309070142571e-01 2.525839557007182878e-01 6.841788309070142571e-01 1.150184041631592720e-02
6.841788309070142571e-01 2.525839557007182878e-01 -6.841788309070142571e-01 1.150184041631592720e-02
-6.841788309070142571e-01 2.525839557007182878e-01 -6.841788309070142571e-01 1.150184041631592720e-02
-6.841788309070142571e-01 -2.525839557007182878e-01 -6.841788309070142571e-01 1.150184041631592720e-02
2.525839557007182878e-01 6.841788309070142571e-01 6.841788309070142571e-01 1.150184041631592720e-02
2.525839557007182878e-01 -6.841788309070142571e-01 6.841788309070142571e-01 1.150184041631592720e-02
-2.525839557007182878e-01 -6.841788309070142571e-01 6.841788309070142571e-01 1.150184041631592720e-02
2.525839557007182878e-01 -6.841788309070142571e-01 -6.841788309070142571e-01 1.150184041631592720e-02
7.012604330123630714e-01 7.012604330123630714e-01 1.283261866597231182e-01 1.154527292189331568e-02
7.012604330123630714e-01 -7.012604330123630714e-01 1.283261866597231182e-01 1.154527292189331568e-02
-7.012604330123630714e-01 -7.012604330123630714e-01 1.283261866597231182e-01 1.154527292189331568e-02
7.012604330123630714e-01 -7.012604330123630714e-01 -1.283261866597231182e-01 1.154527292189331568e-02
-7.012604330123630714e-01 1.283261866597231182e-01 7.012604330123630714e-01 1.154527292189331568e-02
7.012604330123630714e-01 1.283261866597231182e-01 -7.012604330123630714e-01 1.154527292189331568e-02
-7.012604330123630714e-01 1.283261866597231182e-01 -7.012604330123630714e-01 1.154527292189331568e-02
-7.012604330123630714e-01 -1.283261866597231182e-01 -7.012604330123630714e-01 1.154527292189331568e-02
1.283261866597231182e-01 7.012604330123630714e-01 7.012604330123630714e-01 1.154527292189331568e-02
1.283261866597231182e-01 -7.012604330123630714e-01 7.012604330123630714e-01 1.154527292189331568e-02
-1.283261866597231182e-01 -7.012604330123630714e-01 7.012604330123630714e-01 1.154527292189331568e-02
1.283261866597231182e-01 -7.012604330123630714e-01 -7.012604330123630714e-01 1.154527292189331568e-02
1.072382215478166062e-01 9.942333548213223571e-01 0.000000000000000000e+00 6.505581557685620638e-03
1.072382215478166062e-01 -9.942333548213223571e-01 0.000000000000000000e+00 6.505581557685620638e-03
9.942333548213223571e-01 1.072382215478166062e-01 0.000000000000000000e+00 6.505581557685620638e-03
9.942333548213223571e-01 -1.072382215478166062e-01 0.000000000000000000e+00 6.505581557685620638e-03
1.072382215478166062e-01 0.000000000000000000e+00 9.942333548213223571e-01 6.505581557685620638e-03
1.072382215478166062e-01 0.000000000000000000e+00 -9.942333548213223571e-01 6.505581557685620638e-03
9.942333548213223571e-01 0.000000000000000000e+00 1.072382215478166062e-01 6.505581557685620638e-03
9.942333548213223571e-01 0.000000000000000000e+00 -1.072382215478166062e-01 6.505581557685620638e-03
0.000000000000000000e+00 1.072382215478166062e-01 9.942333548213223571e-01 6.505581557685620638e-03
0.000000000000000000e+00 1.072382215478166062e-01 -9.942333548213223571e-01 6.505581557685620638e-03
0.000000000000000000e+00 9.942333548213223571e-01 1.072382215478166062e-01 6.505581557685620638e-03
0.000000000000000000e+00 9.942333548213223571e-01 -1.072382215478166062e-01 6.505581557685620638e-03
2.582068959496968130e-01 9.660896432961190161e-01 0.000000000000000000e+00 9.212586853640415338e-03
2.582068959496968130e-01 -9.660896432961190161e-01 0.000000000000000000e+00 9.212586853640415338e-03
9.660896432961190161e-01 2.582068959496968130e-01 0.000000000000000000e+00 9.212586853640415338e-03
9.660896432961190161e-01 -2.582068959496968130e-01 0.000000000000000000e+00 9.212586853640415338e-03
2.582068959496968130e-01 0.000000000000000000e+00 9.660896432961190161e-01 9.212586853640415338e-03
2.582068959496968130e-01 0.000000000000000000e+00 -9.660896432961190161e-01 9.212586853640415338e-03
9.660896432961190161e-01 0.000000000000000000e+00 2.582068959496968130e-01 9.212586853640415338e-03
9.660896432961190161e-01 0.000000000000000000e+00 -2.582068959496968130e-01 9.212586853640415338e-03
0.000000000000000000e+00 2.582068959496968130e-01 9.660896432961190161e-01 9.212586853640415338e-03
0.000000000000000000e+00 2.582068959496968130e-01 -9.660896432961190161e-01 9.212586853640415338e-03
0.000000000000000000e+00 9.660896432961190161e-01 2.582068959496968130e-01 9.212586853640415338e-03
0.000000000000000000e+00 9.660896432961190161e-01 -2.582068959496968130e-01 9.212586853640415338e-03
4.172752955306717193e-01 9.087801316819105191e-01 0.000000000000000000e+00 1.063521204175643664e-02
4.172752955306717193e-01 -9.087801316819105191e-01 0.000000000000000000e+00 1.063521204175643664e-02
9.087801316819105191e-01 4.172752955306717193e-01 0.000000000000000000e+00 1.063521204175643664e-02
9.087801316819105191e-01 -4.172752955306717193e-01 0.000000000000000000e+00 1.063521204175643664e-02
4.172752955306717193e-01 0.000000000000000000e+00 9.087801316819105191e-01 1.063521204175643664e-02
4.172752955306717193e-01 0.000000000000000000e+00 -9.087801316819105191e-01 1.063521204175643664e-02
9.087801316819105191e-01 0.000000000000000000e+00 4.172752955306717193e-01 1.063521204175643664e-02
9.087801316819105191e-01 0.000000000000000000e+00 -4.172752955306717193e-01 1.063521204175643664e-02
0.000000000000000000e+00 4.172752955306717193e-01 9.087801316819105191e-01 1.063521204175643664e-02
0.000000000000000000e+00 4.172752955306717193e-01 -9.087801316819105191e-01 1.063521204175643664e-02
0.000000000000000000e+00 9.087801316819105191e-01 4.172752955306717193e-01 1.063521204175643664e-02
0.000000000000000000e+00 9.087801316819105191e-01 -4.172752955306717193e-01 1.063521204175643664e-02
5.700366911792502655e-01 8.216192370614334717e-01 0.000000000000000000e+00 1.134884348397455917e-02
5.700366911792502655e-01 -8.216192370614334717e-01 0.000000000000000000e+00 1.134884348397455917e-02
8.216192370614334717e-01 5.700366911792502655e-01 0.000000000000000000e+00 1.134884348397455917e-02
8.216192370614334717e-01 -5.700366911792502655e-01 0.000000000000000000e+00 1.134884348397455917e-02
5.700366911792502655e-01 0.000000000000000000e+00 8.216192370614334717e-01 1.134884348397455917e-02
5.700366911792502655e-01 0.000000000000000000e+00 -8.216192370614334717e-01 1.134884348397455917e-02
8.216192370614334717e-01 0.000000000000000000e+00 5.700366911792502655e-01 1.134884348397455917e-02
8.216192370614334717e-01 0.000000000000000000e+00 -5.700366911792502655e-01 1.134884348397455917e-02
0.000000000000000000e+00 5.700366911792502655e-01 8.216192370614334717e-01 1.134884348397455917e-02
0.000000000000000000e+00 5.700366911792502655e-01 -8.216192370614334717e-01 1.134884348397455917e-02
0.000000000000000000e+00 8.216192370614334717e-01 5.700366911792502655e-01 1.134884348397455917e-02
0.000000000000000000e+00 8.216192370614334717e-01 -5.700366911792502655e-01 1.134884348397455917e-02
9.827986018263946688e-01 1.771774022615325017e-01 5.210639477011254350e-02 8.150269576507464947e-03
9.827986018263946688e-01 -1.771774022615325017e-01 5.210639477011254350e-02 8.150269576507464947e-03
-9.827986018263946688e-01 -1.771774022615325017e-01 5.210639477011254350e-02 8.150269576507464947e-03
-9.827986018263946688e-01 1.771774022615325017e-01 -5.210639477011254350e-02 8.150269576507464947e-03
1.771774022615325017e-01 9.827986018263946688e-01 5.210639477011254350e-02 8.150269576507464947e-03
1.771774022615325017e-01 -9.827986018263946688e-01 5.210639477011254350e-02 8.150269576507464947e-03
-1.771774022615325017e-01 -9.827986018263946688e-01 5.210639477011254350e-02 8.150269576507464947e-03
-1.771774022615325017e-01 9.827986018263946688e-01 -5.210639477011254350e-02 8.150269576507464947e-03
5.210639477011254350e-02 9.827986018263946688e-01 1.771774022615325017e-01 8.150269576507464947e-03
5.210639477011254350e-02 -9.827986018263946688e-01 1.771774022615325017e-01 8.150269576507464947e-03
-5.210639477011254350e-02 -9.827986018263946688e-01 1.771774022615325017e-01 8.150269576507464947e-03
-5.210639477011254350e-02 9.827986018263946688e-01 -1.771774022615325017e-01 8.150269576507464947e-03
5.210639477011254350e-02 1.771774022615325017e-01 9.827986018263946688e-01 8.150269576507464947e-03
5.210639477011254350e-02 -1.771774022615325017e-01 9.827986018263946688e-01 8.150269576507464947e-03
-5.210639477011254350e-02 -1.771774022615325017e-01 9.827986018263946688e-01 8.150269576507464947e-03
-5.210639477011254350e-02 1.771774022615325017e-01 -9.827986018263946688e-01 8.150269576507464947e-03
9.827986018263946688e-01 5.210639477011254350e-02 1.771774022615325017e-01 8.150269576507464947e-03
9.827986018263946688e-01 -5.210639477011254350e-02 1.771774022615325017e-01 8.150269576507464947e-03
-9.827986018263946688e-01 -5.210639477011254350e-02 1.771774022615325017e-01 8.150269576507464947e-03
-9.827986018263946688e-01 5.210639477011254350e-02 -1.771774022615325017e-01 8.150269576507464947e-03
1.771774022615325017e-01 5.210639477011254350e-02 9.827986018263946688e-01 8.150269576507464947e-03
1.771774022615325017e-01 -5.210639477011254350e-02 9.827986018263946688e-01 8.150269576507464947e-03
-1.771774022615325017e-01 -5.210639477011254350e-02 9.827986018263946688e-01 8.150269576507464947e-03
-1.771774022615325017e-01 5.210639477011254350e-02 -9.827986018263946688e-01 8.150269576507464947e-03
9.624249230326228366e-01 2.475716463426287928e-01 1.115640957156485147e-01 9.343135395662094042e-03
9.624249230326228366e-01 -2.475716463426287928e-01 1.115640957156485147e-01 9.343135395662094042e-03
-9.624249230326228366e-01 -2.475716463426287928e-01 1.115640957156485147e-01 9.343135395662094042e-03
-9.624249230326228366e-01 2.475716463426287928e-01 -1.115640957156485147e-01 9.343135395662094042e-03
2.475716463426287928e-01 9.624249230326228366e-01 1.115640957156485147e-01 9.343135395662094042e-03
2.475716463426287928e-01 -9.624249230326228366e-01 1.115640957156485147e-01 9.343135395662094042e-03
-2.475716463426287928e-01 -9.624249230326228366e-01 1.115640957156485147e-01 9.343135395662094042e-03
-2.475716463426287928e-01 9.624249230326228366e-01 -1.115640957156485147e-01 9.343135395662094042e-03
1.115640957156485147e-01 9.624249230326228366e-01 2.475716463426287928e-01 9.343135395662094042e-03
1.115640957156485147e-01 -9.624249230326228366e-01 2.475716463426287928e-01 9.343135395662094042e-03
-1.115640957156485147e-01 -9.624249230326228366e-01 2.475716463426287928e-01 9.343135395662094042e-03
-1.115640957156485147e-01 9.624249230326228366e-01 -2.475716463426287928e-01 9.343135395662094042e-03
1.115640957156485147e-01 2.475716463426287928e-01 9.624249230326228366e-01 9.343135395662094042e-03
1.115640957156485147e-01 -2.475716463426287928e-01 9.624249230326228366e-01 9.343135395662094042e-03
-1.115640957156485147e-01 -2.475716463426287928e-01 9.624249230326228366e-01 9.343135395662094042e-03
-1.115640957156485147e-01 2.475716463426287928e-01 -9.624249230326228366e-01 9.343135395662094042e-03
9.624249230326228366e-01 1.115640957156485147e-01 2.475716463426287928e-01 9.343135395662094042e-03
9.624249230326228366e-01 -1.115640957156485147e-01 2.475716463426287928e-01 9.343135395662094042e-03
-9.624249230326228366e-01 -1.115640957156485147e-01 2.475716463426287928e-01 9.343135395662094042e-03
-9.624249230326228366e-01 1.115640957156485147e-01 -2.475716463426287928e-01 9.343135395662094042e-03
2.475716463426287928e-01 1.115640957156485147e-01 9.624249230326228366e-01 9.343135395662094042e-03
2.475716463426287928e-01 -1.115640957156485147e-01 9.624249230326228366e-01 9.343135395662094042e-03
-2.475716463426287928e-01 -1.115640957156485147e-01 9.624249230326228366e-01 9.343135395662094042e-03
-2.475716463426287928e-01 1.115640957156485147e-01 -9.624249230326228366e-01 9.343135395662094042e-03
9.402007994128811497e-01 3.354616289066488788e-01 5.905888853235372049e-02 1.005124658581385035e-02
9.402007994128811497e-01 -3.354616289066488788e-01 5.905888853235372049e-02 1.005124658581385035e-02
-9.402007994128811497e-01 -3.354616289066488788e-01 5.905888853235372049e-02 1.005124658581385035e-02
-9.402007994128811497e-01 3.354616289066488788e-01 -5.905888853235372049e-02 1.005124658581385035e-02
3.354616289066488788e-01 9.402007994128811497e-01 5.905888853235372049e-02 1.005124658581385035e-02
3.354616289066488788e-01 -9.402007994128811497e-01 5.905888853235372049e-02 1.005124658581385035e-02
-3.354616289066488788e-01 -9.402007994128811497e-01 5.905888853235372049e-02 1.005124658581385035e-02
-3.354616289066488788e-01 9.402007994128811497e-01 -5.905888853235372049e-02 1.005124658581385035e-02
5.905888853235372049e-02 9.402007994128811497e-01 3.354616289066488788e-01 1.005124658581385035e-02
5.905888853235372049e-02 -9.402007994128811497e-01 3.354616289066488788e-01 1.005124658581385035e-02
-5.905888853235372049e-02 -9.402007994128811497e-01 3.354616289066488788e-01 1.005124658581385035e-02
-5.905888853235372049e-02 9.402007994128811497e-01 -3.354616289066488788e-01 1.005124658581385035e-02
5.905888853235372049e-02 3.354616289066488788e-01 9.402007994128811497e-01 1.005124658581385035e-02
5.905888853235372049e-02 -3.354616289066488788e-01 9.402007994128811497e-01 1.005124658581385035e-02
-5.905888853235372049e-02 -3.354616289066488788e-01 9.402007994128811497e-01 1.005124658581385035e-02
-5.905888853235372049e-02 3.354616289066488788e-01 -9.402007994128811497e-01 1.005124658581385035e-02
9.402007994128811497e-01 5.905888853235372049e-02 3.354616289066488788e-01 1.005124658581385035e-02
9.402007994128811497e-01 -5.905888853235372049e-02 3.354616289066488788e-01 1.005124658581385035e-02
-9.402007994128811497e-01 -5.905888853235372049e-02 3.354616289066488788e-01 1.005124658581385035e-02
-9.402007994128811497e-01 5.905888853235372049e-02 -3.354616289066488788e-01 1.005124658581385035e-02
3.354616289066488788e-01 5.905888853235372049e-02 9.402007994128811497e-01 1.005124658581385035e-02
3.354616289066488788e-01 -5.905888853235372049e-02 9.402007994128811497e-01 1.005124658581385035e-02
-3.354616289066488788e-01 -5.905888853235372049e-02 9.402007994128811497e-01 1.005124658581385035e-02
-3.354616289066488788e-01 5.905888853235372049e-02 -9.402007994128811497e-01 1.005124658581385035e-02
9.320822040143201814e-01 3.173615246611977136e-01 1.746551677578628836e-01 1.018093606152102419e-02
9.320822040143201814e-01 -3.173615246611977136e-01 1.746551677578628836e-01 1.018093606152102419e-02
-9.320822040143201814e-01 -3.173615246611977136e-01 1.746551677578628836e-01 1.018093606152102419e-02
-9.320822040143201814e-01 3.173615246611977136e-01 -1.746551677578628836e-01 1.018093606152102419e-02
3.173615246611977136e-01 9.320822040143201814e-01 1.746551677578628836e-01 1.018093606152102419e-02
3.173615246611977136e-01 -9.320822040143201814e-01 1.746551677578628836e-01 1.018093606152102419e-02
-3.173615246611977136e-01 -9.320822040143201814e-01 1.746551677578628836e-01 1.018093606152102419e-02
-3.173615246611977136e-01 9.320822040143201814e-01 -1.746551677578628836e-01 1.018093606152102419e-02
1.746551677578628836e-01 9.320822040143201814e-01 3.173615246611977136e-01 1.018093606152102419e-02
1.746551677578628836e-01 -9.320822040143201814e-01 3.173615246611977136e-01 1.018093606152102419e-02
-1.746551677578628836e-01 -9.320822040143201814e-01 3.173615246611977136e-01 1.018093606152102419e-02
-1.746551677578628836e-01 9.320822040143201814e-01 -3.173615246611977136e-01 1.018093606152102419e-02
1.746551677578628836e-01 3.173615246611977136e-01 9.320822040143201814e-01 1.018093606152102419e-02
1.746551677578628836e-01 -3.173615246611977136e-01 9.320822040143201814e-01 1.018093606152102419e-02
-1.746551677578628836e-01 -3.173615246611977136e-01 9.320822040143201814e-01 1.018093606152102419e-02
-1.746551677578628836e-01 3.173615246611977136e-01 -9.320822040143201814e-01 1.018093606152102419e-02
9.320822040143201814e-01 1.746551677578628836e-01 3.173615246611977136e-01 1.018093606152102419e-02
9.320822040143201814e-01 -1.746551677578628836e-01 3.173615246611977136e-01 1.018093606152102419e-02
-9.320822040143201814e-01 -1.746551677578628836e-01 3.173615246611977136e-01 1.018093606152102419e-02
-9.320822040143201814e-01 1.746551677578628836e-01 -3.173615246611977136e-01 1.018093606152102419e-02
3.173615246611977136e-01 1.746551677578628836e-01 9.320822040143201814e-01 1.018093606152102419e-02
3.173615246611977136e-01 -1.746551677578628836e-01 9.320822040143201814e-01 1.018093606152102419e-02
-3.173615246611977136e-01 -1.746551677578628836e-01 9.320822040143201814e-01 1.018093606152102419e-02
-3.173615246611977136e-01 1.746551677578628836e-01 -9.320822040143201814e-01 1.018093606152102419e-02
9.043674199393298974e-01 4.090268427085356762e-01 1.217235051095988951e-01 1.066054174603431499e-02
9.043674199393298974e-01 -4.090268427085356762e-01 1.217235051095988951e-01 1.066054174603431499e-02
-9.043674199393298974e-01 -4.090268427085356762e-01 1.217235051095988951e-01 1.066054174603431499e-02
-9.043674199393298974e-01 4.090268427085356762e-01 -1.217235051095988951e-01 1.066054174603431499e-02
4.090268427085356762e-01 9.043674199393298974e-01 1.217235051095988951e-01 1.066054174603431499e-02
4.090268427085356762e-01 -9.043674199393298974e-01 1.217235051095988951e-01 1.066054174603431499e-02
-4.090268427085356762e-01 -9.043674199393298974e-01 1.217235051095988951e-01 1.066054174603431499e-02
-4.090268427085356762e-01 9.043674199393298974e-01 -1.217235051095988951e-01 1.066054174603431499e-02
1.217235051095988951e-01 9.043674199393298974e-01 4.090268427085356762e-01 1.066054174603431499e-02
1.217235051095988951e-01 -9.043674199393298974e-01 4.090268427085356762e-01 1.066054174603431499e-02
-1.217235051095988951e-01 -9.043674199393298974e-01 4.090268427085356762e-01 1.066054174603431499e-02
-1.217235051095988951e-01 9.043674199393298974e-01 -4.090268427085356762e-01 1.066054174603431499e-02
1.217235051095988951e-01 4.090268427085356762e-01 9.043674199393298974e-01 1.066054174603431499e-02
1.217235051095988951e-01 -4.090268427085356762e-01 9.043674199393298974e-01 1.066054174603431499e-02
-1.217235051095988951e-01 -4.090268427085356762e-01 9.043674199393298974e-01 1.066054174603431499e-02
-1.217235051095988951e-01 4.090268427085356762e-01 -9.043674199393298974e-01 1.066054174603431499e-02
9.043674199393298974e-01 1.217235051095988951e-01 4.090268427085356762e-01 1.066054174603431499e-02
9.043674199393298974e-01 -1.217235051095988951e-01 4.090268427085356762e-01 1.066054174603431499e-02
-9.043674199393298974e-01 -1.217235051095988951e-01 4.090268427085356762e-01 1.066054174603431499e-02
-9.043674199393298974e-01 1.217235051095988951e-01 -4.090268427085356762e-01 1.066054174603431499e-02
4.090268427085356762e-01 1.217235051095988951e-01 9.043674199393298974e-01 1.066054174603431499e-02
4.090268427085356762e-01 -1.217235051095988951e-01 9.043674199393298974e-01 1.066054174603431499e-02
-4.090268427085356762e-01 -1.217235051095988951e-01 9.043674199393298974e-01 1.066054174603431499e-02
-4.090268427085356762e-01 1.217235051095988951e-01 -9.043674199393298974e-01 1.066054174603431499e-02
8.912407560074746549e-01 3.854291150669224009e-01 2.390278479381724441e-01 1.075216275547463685e-02
8.912407560074746549e-01 -3.854291150669224009e-01 2.390278479381724441e-01 1.075216275547463685e-02
-8.912407560074746549e-01 -3.854291150669224009e-01 2.390278479381724441e-01 1.075216275547463685e-02
-8.912407560074746549e-01 3.854291150669224009e-01 -2.390278479381724441e-01 1.075216275547463685e-02
3.854291150669224009e-01 8.912407560074746549e-01 2.390278479381724441e-01 1.075216275547463685e-02
3.854291150669224009e-01 -8.912407560074746549e-01 2.390278479381724441e-01 1.075216275547463685e-02
-3.854291150669224009e-01 -8.912407560074746549e-01 2.390278479381724441e-01 1.075216275547463685e-02
-3.854291150669224009e-01 8.912407560074746549e-01 -2.390278479381724441e-01 1.075216275547463685e-02
2.390278479381724441e-01 8.912407560074746549e-01 3.854291150669224009e-01 1.075216275547463685e-02
2.390278479381724441e-01 -8.912407560074746549e-01 3.854291150669224009e-01 1.075216275547463685e-02
-2.390278479381724441e-01 -8.912407560074746549e-01 3.854291150669224009e-01 1.075216275547463685e-02
-2.390278479381724441e-01 8.912407560074746549e-01 -3.854291150669224009e-01 1.075216275547463685e-02
2.390278479381724441e-01 3.854291150669224009e-01 8.912407560074746549e-01 1.075216275547463685e-02
2.390278479381724441e-01 -3.854291150669224009e-01 8.912407560074746549e-01 1.075216275547463685e-02
-2.390278479381724441e-01 -3.854291150669224009e-01 8.912407560074746549e-01 1.075216275547463685e-02
-2.390278479381724441e-01 3.854291150669224009e-01 -8.912407560074746549e-01 1.075216275547463685e-02
8.912407560074746549e-01 2.390278479381724441e-01 3.854291150669224009e-01 1.075216275547463685e-02
8.912407560074746549e-01 -2.390278479381724441e-01 3.854291150669224009e-01 1.075216275547463685e-02
-8.912407560074746549e-01 -2.390278479381724441e-01 3.854291150669224009e-01 1.075216275547463685e-02
-8.912407560074746549e-01 2.390278479381724441e-01 -3.854291150669224009e-01 1.075216275547463685e-02
3.854291150669224009e-01 2.390278479381724441e-01 8.912407560074746549e-01 1.075216275547463685e-02
3.854291150669224009e-01 -2.390278479381724441e-01 8.912407560074746549e-01 1.075216275547463685e-02
-3.854291150669224009e-01 -2.390278479381724441e-01 8.912407560074746549e-01 1.075216275547463685e-02
-3.854291150669224009e-01 2.390278479381724441e-01 -8.912407560074746549e-01 1.075216275547463685e-02
8.676435628462707550e-01 4.932221184851284801e-01 6.266250624154198756e-02 1.106243828651344747e-02
8.676435628462707550e-01 -4.932221184851284801e-01 6.266250624154198756e-02 1.106243828651344747e-02
-8.676435628462707550e-01 -4.932221184851284801e-01 6.266250624154198756e-02 1.106243828651344747e-02
-8.676435628462707550e-01 4.932221184851284801e-01 -6.266250624154198756e-02 1.106243828651344747e-02
4.932221184851284801e-01 8.676435628462707550e-01 6.266250624154198756e-02 1.106243828651344747e-02
4.932221184851284801e-01 -8.676435628462707550e-01 6.266250624154198756e-02 1.106243828651344747e-02
-4.932221184851284801e-01 -8.676435628462707550e-01 6.266250624154198756e-02 1.106243828651344747e-02
-4.932221184851284801e-01 8.676435628462707550e-01 -6.266250624154198756e-02 1.106243828651344747e-02
6.266250624154198756e-02 8.676435628462707550e-01 4.932221184851284801e-01 1.106243828651344747e-02
6.266250624154198756e-02 -8.676435628462707550e-01 4.932221184851284801e-01 1.106243828651344747e-02
-6.266250624154198756e-02 -8.676435628462707550e-01 4.932221184851284801e-01 1.106243828651344747e-02
-6.266250624154198756e-02 8.676435628462707550e-01 -4.932221184851284801e-01 1.106243828651344747e-02
6.266250624154198756e-02 4.932221184851284801e-01 8.676435628462707550e-01 1.106243828651344747e-02
6.266250624154198756e-02 -4.932221184851284801e-01 8.676435628462707550e-01 1.106243828651344747e-02
-6.266250624154198756e-02 -4.932221184851284801e-01 8.676435628462707550e-01 1.106243828651344747e-02
-6.266250624154198756e-02 4.932221184851284801e-01 -8.676435628462707550e-01 1.106243828651344747e-02
8.676435628462707550e-01 6.266250624154198756e-02 4.932221184851284801e-01 1.106243828651344747e-02
8.676435628462707550e-01 -6.266250624154198756e-02 4.932221184851284801e-01 1.106243828651344747e-02
-8.676435628462707550e-01 -6.266250624154198756e-02 4.932221184851284801e-01 1.106243828651344747e-02
-8.676435628462707550e-01 6.266250624154198756e-02 -4.932221184851284801e-01 1.106243828651344747e-02
4.932221184851284801e-01 6.266250624154198756e-02 8.676435628462707550e-01 1.106243828651344747e-02
4.932221184851284801e-01 -6.266250624154198756e-02 8.676435628462707550e-01 1.106243828651344747e-02
-4.932221184851284801e-01 -6.266250624154198756e-02 8.676435628462707550e-01 1.106243828651344747e-02
-4.932221184851284801e-01 6.266250624154198756e-02 -8.676435628462707550e-01 1.106243828651344747e-02
8.581979986041619046e-01 4.785320675922434819e-01 1.857505194547337257e-01 1.107228969613373651e-02
8.581979986041619046e-01 -4.785320675922434819e-01 1.857505194547337257e-01 1.107228969613373651e-02
-8.581979986041619046e-01 -4.785320675922434819e-01 1.857505194547337257e-01 1.107228969613373651e-02
-8.581979986041619046e-01 4.785320675922434819e-01 -1.857505194547337257e-01 1.107228969613373651e-02
4.785320675922434819e-01 8.581979986041619046e-01 1.857505194547337257e-01 1.107228969613373651e-02
4.785320675922434819e-01 -8.581979986041619046e-01 1.857505194547337257e-01 1.107228969613373651e-02
-4.785320675922434819e-01 -8.581979986041619046e-01 1.857505194547337257e-01 1.107228969613373651e-02
-4.785320675922434819e-01 8.581979986041619046e-01 -1.857505194547337257e-01 1.107228969613373651e-02
1.857505194547337257e-01 8.581979986041619046e-01 4.785320675922434819e-01 1.107228969613373651e-02
1.857505194547337257e-01 -8.581979986041619046e-01 4.785320675922434819e-01 1.107228969613373651e-02
-1.857505194547337257e-01 -8.581979986041619046e-01 4.785320675922434819e-01 1.107228969613373651e-02
-1.857505194547337257e-01 8.581979986041619046e-01 -4.785320675922434819e-01 1.107228969613373651e-02
1.857505194547337257e-01 4.785320675922434819e-01 8.581979986041619046e-01 1.107228969613373651e-02
1.857505194547337257e-01 -4.785320675922434819e-01 8.581979986041619046e-01 1.107228969613373651e-02
-1.857505194547337257e-01 -4.785320675922434819e-01 8.581979986041619046e-01 1.107228969613373651e-02
-1.857505194547337257e-01 4.785320675922434819e-01 -8.581979986041619046e-01 1.107228969613373651e-02
8.581979986041619046e-01 1.857505194547337257e-01 4.785320675922434819e-01 1.107228969613373651e-02
8.581979986041619046e-01 -1.857505194547337257e-01 4.785320675922434819e-01 1.107228969613373651e-02
-8.581979986041619046e-01 -1.857505194547337257e-01 4.785320675922434819e-01 1.107228969613373651e-02
-8.581979986041619046e-01 1.857505194547337257e-01 -4.785320675922434819e-01 1.107228969613373651e-02
4.785320675922434819e-01 1.857505194547337257e-01 8.581979986041619046e-01 1.107228969613373651e-02
4.785320675922434819e-01 -1.857505194547337257e-01 8.581979986041619046e-01 1.107228969613373651e-02
-4.785320675922434819e-01 -1.857505194547337257e-01 8.581979986041619046e-01 1.107228969613373651e-02
-4.785320675922434819e-01 1.857505194547337257e-01 -8.581979986041619046e-01 1.107228969613373651e-02
8.396753624049856368e-01 4.507422593157063839e-01 3.029466973528983087e-01 1.112159279420599743e-02
8.396753624049856368e-01 -4.507422593157063839e-01 3.029466973528983087e-01 1.112159279420599743e-02
-8.396753624049856368e-01 -4.507422593157063839e-01 3.029466973528983087e-01 1.112159279420599743e-02
-8.396753624049856368e-01 4.507422593157063839e-01 -3.029466973528983087e-01 1.112159279420599743e-02
4.507422593157063839e-01 8.396753624049856368e-01 3.029466973528983087e-01 1.112159279420599743e-02
4.507422593157063839e-01 -8.396753624049856368e-01 3.029466973528983087e-01 1.112159279420599743e-02
-4.507422593157063839e-01 -8.396753624049856368e-01 3.029466973528983087e-01 1.112159279420599743e-02
-4.507422593157063839e-01 8.396753624049856368e-01 -3.029466973528983087e-01 1.112159279420599743e-02
3.029466973528983087e-01 8.396753624049856368e-01 4.507422593157063839e-01 1.112159279420599743e-02
3.029466973528983087e-01 -8.396753624049856368e-01 4.507422593157063839e-01 1.112159279420599743e-02
-3.029466973528983087e-01 -8.396753624049856368e-01 4.507422593157063839e-01 1.112159279420599743e-02
-3.029466973528983087e-01 8.396753624049856368e-01 -4.507422593157063839e-01 1.112159279420599743e-02
3.029466973528983087e-01 4.507422593157063839e-01 8.396753624049856368e-01 1.112159279420599743e-02
3.029466973528983087e-01 -4.507422593157063839e-01 8.396753624049856368e-01 1.112159279420599743e-02
-3.029466973528983087e-01 -4.507422593157063839e-01 8.396753624049856368e-01 1.112159279420599743e-02
-3.029466973528983087e-01 4.507422593157063839e-01 -8.396753624049856368e-01 1.112159279420599743e-02
8.396753624049856368e-01 3.029466973528983087e-01 4.507422593157063839e-01 1.112159279420599743e-02
8.396753624049856368e-01 -3.029466973528983087e-01 4.507422593157063839e-01 1.112159279420599743e-02
-8.396753624049856368e-01 -3.029466973528983087e-01 4.507422593157063839e-01 1.112159279420599743e-02
-8.396753624049856368e-01 3.029466973528983087e-01 -4.507422593157063839e-01 1.112159279420599743e-02
4.507422593157063839e-01 3.029466973528983087e-01 8.396753624049856368e-01 1.112159279420599743e-02
4.507422593157063839e-01 -3.029466973528983087e-01 8.396753624049856368e-01 1.112159279420599743e-02
-4.507422593157063839e-01 -3.029466973528983087e-01 8.396753624049856368e-01 1.112159279420599743e-02
-4.507422593157063839e-01 3.029466973528983087e-01 -8.396753624049856368e-01 1.112159279420599743e-02
8.165288564022188389e-01 5.632123020762099808e-01 1.267774800684281777e-01 1.133655307687398729e-02
8.165288564022188389e-01 -5.632123020762099808e-01 1.267774800684281777e-01 1.133655307687398729e-02
-8.165288564022188389e-01 -5.632123020762099808e-01 1.267774800684281777e-01 1.133655307687398729e-02
-8.165288564022188389e-01 5.632123020762099808e-01 -1.267774800684281777e-01 1.133655307687398729e-02
5.632123020762099808e-01 8.165288564022188389e-01 1.267774800684281777e-01 1.133655307687398729e-02
5.632123020762099808e-01 -8.165288564022188389e-01 1.267774800684281777e-01 1.133655307687398729e-02
-5.632123020762099808e-01 -8.165288564022188389e-01 1.267774800684281777e-01 1.133655307687398729e-02
-5.632123020762099808e-01 8.165288564022188389e-01 -1.267774800684281777e-01 1.133655307687398729e-02
1.267774800684281777e-01 8.165288564022188389e-01 5.632123020762099808e-01 1.133655307687398729e-02
1.267774800684281777e-01 -8.165288564022188389e-01 5.632123020762099808e-01 1.133655307687398729e-02
-1.267774800684281777e-01 -8.165288564022188389e-01 5.632123020762099808e-01 1.133655307687398729e-02
-1.267774800684281777e-01 8.165288564022188389e-01 -5.632123020762099808e-01 1.133655307687398729e-02
1.267774800684281777e-01 5.632123020762099808e-01 8.165288564022188389e-01 1.133655307687398729e-02
1.267774800684281777e-01 -5.632123020762099808e-01 8.165288564022188389e-01 1.133655307687398729e-02
-1.267774800684281777e-01 -5.632123020762099808e-01 8.165288564022188389e-01 1.133655307687398729e-02
-1.267774800684281777e-01 5.632123020762099808e-01 -8.165288564022188389e-01 1.133655307687398729e-02
8.165288564022188389e-01 1.267774800684281777e-01 5.632123020762099808e-01 1.133655307687398729e-02
8.165288564022188389e-01 -1.267774800684281777e-01 5.632123020762099808e-01 1.133655307687398729e-02
-8.165288564022188389e-01 -1.267774800684281777e-01 5.632123020762099808e-01 1.133655307687398729e-02
-8.165288564022188389e-01 1.267774800684281777e-01 -5.632123020762099808e-01 1.133655307687398729e-02
5.632123020762099808e-01 1.267774800684281777e-01 8.165288564022188389e-01 1.133655307687398729e-02
5.632123020762099808e-01 -1.267774800684281777e-01 8.165288564022188389e-01 1.133655307687398729e-02
-5.632123020762099808e-01 -1.267774800684281777e-01 8.165288564022188389e-01 1.133655307687398729e-02
-5.632123020762099808e-01 1.267774800684281777e-01 -8.165288564022188389e-01 1.133655307687398729e-02
8.015469370783528946e-01 5.434303569693900160e-01 2.494112162362237539e-01 1.132241512838555106e-02
8.015469370783528946e-01 -5.434303569693900160e-01 2.494112162362237539e-01 1.132241512838555106e-02
-8.015469370783528946e-01 -5.434303569693900160e-01 2.494112162362237539e-01 1.132241512838555106e-02
-8.015469370783528946e-01 5.434303569693900160e-01 -2.494112162362237539e-01 1.132241512838555106e-02
5.434303569693900160e-01 8.015469370783528946e-01 2.494112162362237539e-01 1.132241512838555106e-02
5.434303569693900160e-01 -8.015469370783528946e-01 2.494112162362237539e-01 1.132241512838555106e-02
-5.434303569693900160e-01 -8.015469370783528946e-01 2.494112162362237539e-01 1.132241512838555106e-02
-5.434303569693900160e-01 8.015469370783528946e-01 -2.494112162362237539e-01 1.132241512838555106e-02
2.494112162362237539e-01 8.015469370783528946e-01 5.434303569693900160e-01 1.132241512838555106e-02
2.494112162362237539e-01 -8.015469370783528946e-01 5.434303569693900160e-01 1.132241512838555106e-02
-2.494112162362237539e-01 -8.015469370783528946e-01 5.434303569693900160e-01 1.132241512838555106e-02
-2.494112162362237539e-01 8.015469370783528946e-01 -5.434303569693900160e-01 1.132241512838555106e-02
2.494112162362237539e-01 5.434303569693900160e-01 8.015469370783528946e-01 1.132241512838555106e-02
2.494112162362237539e-01 -5.434303569693900160e-01 8.015469370783528946e-01 1.132241512838555106e-02
-2.494112162362237539e-01 -5.434303569693900160e-01 8.015469370783528946e-01 1.132241512838555106e-02
-2.494112162362237539e-01 5.434303569693900160e-01 -8.015469370783528946e-01 1.132241512838555106e-02
8.015469370783528946e-01 2.494112162362237539e-01 5.434303569693900160e-01 1.132241512838555106e-02
8.015469370783528946e-01 -2.494112162362237539e-01 5.434303569693900160e-01 1.132241512838555106e-02
-8.015469370783528946e-01 -2.494112162362237539e-01 5.434303569693900160e-01 1.132241512838555106e-02
-8.015469370783528946e-01 2.494112162362237539e-01 -5.434303569693900160e-01 1.132241512838555106e-02
5.434303569693900160e-01 2.494112162362237539e-01 8.015469370783528946e-01 1.132241512838555106e-02
5.434303569693900160e-01 -2.494112162362237539e-01 8.015469370783528946e-01 1.132241512838555106e-02
-5.434303569693900160e-01 -2.494112162362237539e-01 8.015469370783528946e-01 1.132241512838555106e-02
-5.434303569693900160e-01 2.494112162362237539e-01 -8.015469370783528946e-01 1.132241512838555106e-02
7.773563069070350551e-01 5.123518486419871287e-01 3.649832260597654088e-01 1.133825034038339966e-02
7.773563069070350551e-01 -5.123518486419871287e-01 3.649832260597654088e-01 1.133825034038339966e-02
-7.773563069070350551e-01 -5.123518486419871287e-01 3.649832260597654088e-01 1.133825034038339966e-02
-7.773563069070350551e-01 5.123518486419871287e-01 -3.649832260597654088e-01 1.133825034038339966e-02
5.123518486419871287e-01 7.773563069070350551e-01 3.649832260597654088e-01 1.133825034038339966e-02
5.123518486419871287e-01 -7.773563069070350551e-01 3.649832260597654088e-01 1.133825034038339966e-02
-5.123518486419871287e-01 -7.773563069070350551e-01 3.649832260597654088e-01 1.133825034038339966e-02
-5.123518486419871287e-01 7.773563069070350551e-01 -3.649832260597654088e-01 1.133825034038339966e-02
3.649832260597654088e-01 7.773563069070350551e-01 5.123518486419871287e-01 1.133825034038339966e-02
3.649832260597654088e-01 -7.773563069070350551e-01 5.123518486419871287e-01 1.133825034038339966e-02
-3.649832260597654088e-01 -7.773563069070350551e-01 5.123518486419871287e-01 1.133825034038339966e-02
-3.649832260597654088e-01 7.773563069070350551e-01 -5.123518486419871287e-01 1.133825034038339966e-02
3.649832260597654088e-01 5.123518486419871287e-01 7.773563069070350551e-01 1.133825034038339966e-02
3.649832260597654088e-01 -5.123518486419871287e-01 7.773563069070350551e-01 1.133825034038339966e-02
-3.649832260597654088e-01 -5.123518486419871287e-01 7.773563069070350551e-01 1.133825034038339966e-02
-3.649832260597654088e-01 5.123518486419871287e-01 -7.773563069070350551e-01 1.133825034038339966e-02
7.773563069070350551e-01 3.649832260597654088e-01 5.123518486419871287e-01 1.133825034038339966e-02
7.773563069070350551e-01 -3.649832260597654088e-01 5.123518486419871287e-01 1.133825034038339966e-02
-7.773563069070350551e-01 -3.649832260597654088e-01 5.123518486419871287e-01 1.133825034038339966e-02
-7.773563069070350551e-01 3.649832260597654088e-01 -5.123518486419871287e-01 1.133825034038339966e-02
5.123518486419871287e-01 3.649832260597654088e-01 7.773563069070350551e-01 1.133825034038339966e-02
5.123518486419871287e-01 -3.649832260597654088e-01 7.773563069070350551e-01 1.133825034038339966e-02
-5.123518486419871287e-01 -3.649832260597654088e-01 7.773563069070350551e-01 1.133825034038339966e-02
-5.123518486419871287e-01 3.649832260597654088e-01 -7.773563069070350551e-01 1.133825034038339966e-02
7.661621213900393634e-01 6.394279634749101549e-01 6.424549224220785226e-02 1.150830253434939610e-02
7.661621213900393634e-01 -6.394279634749101549e-01 6.424549224220785226e-02 1.150830253434939610e-02
-7.661621213900393634e-01 -6.394279634749101549e-01 6.424549224220785226e-02 1.150830253434939610e-02
-7.661621213900393634e-01 6.394279634749101549e-01 -6.424549224220785226e-02 1.150830253434939610e-02
6.394279634749101549e-01 7.661621213900393634e-01 6.424549224220785226e-02 1.150830253434939610e-02
6.394279634749101549e-01 -7.661621213900393634e-01 6.424549224220785226e-02 1.150830253434939610e-02
-6.394279634749101549e-01 -7.661621213900393634e-01 6.424549224220785226e-02 1.150830253434939610e-02
-6.394279634749101549e-01 7.661621213900393634e-01 -6.424549224220785226e-02 1.150830253434939610e-02
6.424549224220785226e-02 7.661621213900393634e-01 6.394279634749101549e-01 1.150830253434939610e-02
6.424549224220785226e-02 -7.661621213900393634e-01 6.394279634749101549e-01 1.150830253434939610e-02
-6.424549224220785226e-02 -7.661621213900393634e-01 6.394279634749101549e-01 1.150830253434939610e-02
-6.424549224220785226e-02 7.661621213900393634e-01 -6.394279634749101549e-01 1.150830253434939610e-02
6.424549224220785226e-02 6.394279634749101549e-01 7.661621213900393634e-01 1.150830253434939610e-02
6.424549224220785226e-02 -6.394279634749101549e-01 7.661621213900393634e-01 1.150830253434939610e-02
-6.424549224220785226e-02 -6.394279634749101549e-01 7.661621213900393634e-01 1.150830253434939610e-02
-6.424549224220785226e-02 6.394279634749101549e-01 -7.661621213900393634e-01 1.150830253434939610e-02
7.661621213900393634e-01 6.424549224220785226e-02 6.394279634749101549e-01 1.150830253434939610e-02
7.661621213900393634e-01 -6.424549224220785226e-02 6.394279634749101549e-01 1.150830253434939610e-02
-7.661621213900393634e-01 -6.424549224220785226e-02 6.394279634749101549e-01 1.150830253434939610e-02
-7.661621213900393634e-01 6.424549224220785226e-02 -6.394279634749101549e-01 1.150830253434939610e-02
6.394279634749101549e-01 6.424549224220785226e-02 7.661621213900393634e-01 1.150830253434939610e-02
6.394279634749101549e-01 -6.424549224220785226e-02 7.661621213900393634e-01 1.150830253434939610e-02
-6.394279634749101549e-01 -6.424549224220785226e-02 7.661621213900393634e-01 1.150830253434939610e-02
-6.394279634749101549e-01 6.424549224220785226e-02 -7.661621213900393634e-01 1.150830253434939610e-02
7.553584143533510487e-01 6.269805509024392043e-01 1.906018222779231330e-01 1.147507934820083363e-02
7.553584143533510487e-01 -6.269805509024392043e-01 1.906018222779231330e-01 1.147507934820083363e-02
-7.553584143533510487e-01 -6.269805509024392043e-01 1.906018222779231330e-01 1.147507934820083363e-02
-7.553584143533510487e-01 6.269805509024392043e-01 -1.906018222779231330e-01 1.147507934820083363e-02
6.269805509024392043e-01 7.553584143533510487e-01 1.906018222779231330e-01 1.147507934820083363e-02
6.269805509024392043e-01 -7.553584143533510487e-01 1.906018222779231330e-01 1.147507934820083363e-02
-6.269805509024392043e-01 -7.553584143533510487e-01 1.906018222779231330e-01 1.147507934820083363e-02
-6.269805509024392043e-01 7.553584143533510487e-01 -1.906018222779231330e-01 1.147507934820083363e-02
1.906018222779231330e-01 7.553584143533510487e-01 6.269805509024392043e-01 1.147507934820083363e-02
1.906018222779231330e-01 -7.553584143533510487e-01 6.269805509024392043e-01 1.147507934820083363e-02
-1.906018222779231330e-01 -7.553584143533510487e-01 6.269805509024392043e-01 1.147507934820083363e-02
-1.906018222779231330e-01 7.553584143533510487e-01 -6.269805509024392043e-01 1.147507934820083363e-02
1.906018222779231330e-01 6.269805509024392043e-01 7.553584143533510487e-01 1.147507934820083363e-02
1.906018222779231330e-01 -6.269805509024392043e-01 7.553584143533510487e-01 1.147507934820083363e-02
-1.906018222779231330e-01 -6.269805509024392043e-01 7.553584143533510487e-01 1.147507934820083363e-02
-1.906018222779231330e-01 6.269805509024392043e-01 -7.553584143533510487e-01 1.147507934820083363e-02
7.553584143533510487e-01 1.906018222779231330e-01 6.269805509024392043e-01 1.147507934820083363e-02
7.553584143533510487e-01 -1.906018222779231330e-01 6.269805509024392043e-01 1.147507934820083363e-02
-7.553584143533510487e-01 -1.906018222779231330e-01 6.269805509024392043e-01 1.147507934820083363e-02
-7.553584143533510487e-01 1.906018222779231330e-01 -6.269805509024392043e-01 1.147507934820083363e-02
6.269805509024392043e-01 1.906018222779231330e-01 7.553584143533510487e-01 1.147507934820083363e-02
6.269805509024392043e-01 -1.906018222779231330e-01 7.553584143533510487e-01 1.147507934820083363e-02
-6.269805509024392043e-01 -1.906018222779231330e-01 7.553584143533510487e-01 1.147507934820083363e-02
-6.269805509024392043e-01 1.906018222779231330e-01 -7.553584143533510487e-01 1.147507934820083363e-02
7.344305757559502768e-01 6.031161693096309673e-01 3.112275947149608091e-01 1.144521609262728890e-02
7.344305757559502768e-01 -6.031161693096309673e-01 3.112275947149608091e-01 1.144521609262728890e-02
-7.344305757559502768e-01 -6.031161693096309673e-01 3.112275947149608091e-01 1.144521609262728890e-02
-7.344305757559502768e-01 6.031161693096309673e-01 -3.112275947149608091e-01 1.144521609262728890e-02
6.031161693096309673e-01 7.344305757559502768e-01 3.112275947149608091e-01 1.144521609262728890e-02
6.031161693096309673e-01 -7.344305757559502768e-01 3.112275947149608091e-01 1.144521609262728890e-02
-6.031161693096309673e-01 -7.344305757559502768e-01 3.112275947149608091e-01 1.144521609262728890e-02
-6.031161693096309673e-01 7.344305757559502768e-01 -3.112275947149608091e-01 1.144521609262728890e-02
3.112275947149608091e-01 7.344305757559502768e-01 6.031161693096309673e-01 1.144521609262728890e-02
3.112275947149608091e-01 -7.344305757559502768e-01 6.031161693096309673e-01 1.144521609262728890e-02
-3.112275947149608091e-01 -7.344305757559502768e-01 6.031161693096309673e-01 1.144521609262728890e-02
-3.112275947149608091e-01 7.344305757559502768e-01 -6.031161693096309673e-01 1.144521609262728890e-02
3.112275947149608091e-01 6.031161693096309673e-01 7.344305757559502768e-01 1.144521609262728890e-02
3.112275947149608091e-01 -6.031161693096309673e-01 7.344305757559502768e-01 1.144521609262728890e-02
-3.112275947149608091e-01 -6.031161693096309673e-01 7.344305757559502768e-01 1.144521609262728890e-02
-3.112275947149608091e-01 6.031161693096309673e-01 -7.344305757559502768e-01 1.144521609262728890e-02
7.344305757559502768e-01 3.112275947149608091e-01 6.031161693096309673e-01 1.144521609262728890e-02
7.344305757559502768e-01 -3.112275947149608091e-01 6.031161693096309673e-01 1.144521609262728890e-02
-7.344305757559502768e-01 -3.112275947149608091e-01 6.031161693096309673e-01 1.144521609262728890e-02
-7.344305757559502768e-01 3.112275947149608091e-01 -6.031161693096309673e-01 1.144521609262728890e-02
6.031161693096309673e-01 3.112275947149608091e-01 7.344305757559502768e-01 1.144521609262728890e-02
6.031161693096309673e-01 -3.112275947149608091e-01 7.344305757559502768e-01 1.144521609262728890e-02
-6.031161693096309673e-01 -3.112275947149608091e-01 7.344305757559502768e-01 1.144521609262728890e-02
-6.031161693096309673e-01 3.112275947149608091e-01 -7.344305757559502768e-01 1.144521609262728890e-02
7.043837184021765063e-01 5.693702498468441453e-01 4.238644781522338256e-01 1.144263581397217573e-02
7.043837184021765063e-01 -5.693702498468441453e-01 4.238644781522338256e-01 1.144263581397217573e-02
-7.043837184021765063e-01 -5.693702498468441453e-01 4.238644781522338256e-01 1.144263581397217573e-02
-7.043837184021765063e-01 5.693702498468441453e-01 -4.238644781522338256e-01 1.144263581397217573e-02
5.693702498468441453e-01 7.043837184021765063e-01 4.238644781522338256e-01 1.144263581397217573e-02
5.693702498468441453e-01 -7.043837184021765063e-01 4.238644781522338256e-01 1.144263581397217573e-02
-5.693702498468441453e-01 -7.043837184021765063e-01 4.238644781522338256e-01 1.144263581397217573e-02
-5.693702498468441453e-01 7.043837184021765063e-01 -4.238644781522338256e-01 1.144263581397217573e-02
4.238644781522338256e-01 7.043837184021765063e-01 5.693702498468441453e-01 1.144263581397217573e-02
4.238644781522338256e-01 -7.043837184021765063e-01 5.693702498468441453e-01 1.144263581397217573e-02
-4.238644781522338256e-01 -7.043837184021765063e-01 5.693702498468441453e-01 1.144263581397217573e-02
-4.238644781522338256e-01 7.043837184021765063e-01 -5.693702498468441453e-01 1.144263581397217573e-02
4.238644781522338256e-01 5.693702498468441453e-01 7.043837184021765063e-01 1.144263581397217573e-02
4.238644781522338256e-01 -5.693702498468441453e-01 7.043837184021765063e-01 1.144263581397217573e-02
-4.238644781522338256e-01 -5.693702498468441453e-01 7.043837184021765063e-01 1.144263581397217573e-02
-4.238644781522338256e-01 5.693702498468441453e-01 -7.043837184021765063e-01 1.144263581397217573e-02
7.043837184021765063e-01 4.238644781522338256e-01 5.693702498468441453e-01 1.144263581397217573e-02
7.043837184021765063e-01 -4.238644781522338256e-01 5.693702498468441453e-01 1.144263581397217573e-02
-7.043837184021765063e-01 -4.238644781522338256e-01 5.693702498468441453e-01 1.144263581397217573e-02
-7.043837184021765063e-01 4.238644781522338256e-01 -5.693702498468441453e-01 1.144263581397217573e-02
5.693702498468441453e-01 4.238644781522338256e-01 7.043837184021765063e-01 1.144263581397217573e-02
5.693702498468441453e-01 -4.238644781522338256e-01 7.043837184021765063e-01 1.144263581397217573e-02
-5.693702498468441453e-01 -4.238644781522338256e-01 7.043837184021765063e-01 1.144263581397217573e-02
-5.693702498468441453e-01 4.238644781522338256e-01 -7.043837184021765063e-01 1.144263581397217573e-02
