1.000000000000000000e+00 0.000000000000000000e+00 0.000000000000000000e+00 3.889444129321296875e-03
0.000000000000000000e+00 1.000000000000000000e+00 0.000000000000000000e+00 3.889444129321296875e-03
0.000000000000000000e+00 0.000000000000000000e+00 1.000000000000000000e+00 3.889444129321296875e-03
5.773502691896257311e-01 5.773502691896257311e-01 5.773502691896257311e-01 2.327768981109098675e-02
5.773502691896257311e-01 -5.773502691896257311e-01 5.773502691896257311e-01 2.327768981109098675e-02
-5.773502691896257311e-01 -5.773502691896257311e-01 5.773502691896257311e-01 2.327768981109098675e-02
-5.773502691896257311e-01 5.773502691896257311e-01 -5.773502691896257311e-01 2.327768981109098675e-02
7.040954938227469428e-01 7.040954938227469428e-01 9.219040707689825365e-02 2.352161488565241224e-02
7.040954938227469428e-01 -7.040954938227469428e-01 9.219040707689825365e-02 2.352161488565241224e-02
-7.040954938227469428e-01 -7.040954938227469428e-01 9.219040707689825365e-02 2.352161488565241224e-02
7.040954938227469428e-01 -7.040954938227469428e-01 -9.219040707689825365e-02 2.352161488565241224e-02
-7.040954938227469428e-01 9.219040707689825365e-02 7.040954938227469428e-01 2.352161488565241224e-02
7.040954938227469428e-01 9.219040707689825365e-02 -7.040954938227469428e-01 2.352161488565241224e-02
-7.040954938227469428e-01 9.219040707689825365e-02 -7.040954938227469428e-01 2.352161488565241224e-02
-7.040954938227469428e-01 -9.219040707689825365e-02 -7.040954938227469428e-01 2.352161488565241224e-02
9.219040707689825365e-02 7.040954938227469428e-01 7.040954938227469428e-01 2.352161488565241224e-02
9.219040707689825365e-02 -7.040954938227469428e-01 7.040954938227469428e-01 2.352161488565241224e-02
-9.219040707689825365e-02 -7.040954938227469428e-01 7.040954938227469428e-01 2.352161488565241224e-02
9.219040707689825365e-02 -7.040954938227469428e-01 -7.040954938227469428e-01 2.352161488565241224e-02
6.807744066455243548e-01 6.807744066455243548e-01 2.703560883591648034e-01 2.335852785125306502e-02
6.807744066455243548e-01 -6.807744066455243548e-01 2.703560883591648034e-01 2.335852785125306502e-02
-6.807744066455243548e-01 -6.807744066455243548e-01 2.703560883591648034e-01 2.335852785125306502e-02
6.807744066455243548e-01 -6.807744066455243548e-01 -2.703560883591648034e-01 2.335852785125306502e-02
-6.807744066455243548e-01 2.703560883591648034e-01 6.807744066455243548e-01 2.335852785125306502e-02
6.807744066455243548e-01 2.703560883591648034e-01 -6.807744066455243548e-01 2.335852785125306502e-02
-6.807744066455243548e-01 2.703560883591648034e-01 -6.807744066455243548e-01 2.335852785125306502e-02
-6.807744066455243548e-01 -2.703560883591648034e-01 -6.807744066455243548e-01 2.335852785125306502e-02
2.703560883591648034e-01 6.807744066455243548e-01 6.807744066455243548e-01 2.335852785125306502e-02
2.703560883591648034e-01 -6.807744066455243548e-01 6.807744066455243548e-01 2.335852785125306502e-02
-2.703560883591648034e-01 -6.807744066455243548e-01 6.807744066455243548e-01 2.335852785125306502e-02
2.703560883591648034e-01 -6.807744066455243548e-01 -6.807744066455243548e-01 2.335852785125306502e-02
6.372546939258751930e-01 6.372546939258751930e-01 4.333738687771543918e-01 2.327328064484758194e-02
6.372546939258751930e-01 -6.372546939258751930e-01 4.333738687771543918e-01 2.327328064484758194e-02
-6.372546939258751930e-01 -6.372546939258751930e-01 4.333738687771543918e-01 2.327328064484758194e-02
6.372546939258751930e-01 -6.372546939258751930e-01 -4.333738687771543918e-01 2.327328064484758194e-02
-6.372546939258751930e-01 4.333738687771543918e-01 6.372546939258751930e-01 2.327328064484758194e-02
6.372546939258751930e-01 4.333738687771543918e-01 -6.372546939258751930e-01 2.327328064484758194e-02
-6.372546939258751930e-01 4.333738687771543918e-01 -6.372546939258751930e-01 2.327328064484758194e-02
-6.372546939258751930e-01 -4.333738687771543918e-01 -6.372546939258751930e-01 2.327328064484758194e-02
4.333738687771543918e-01 6.372546939258751930e-01 6.372546939258751930e-01 2.327328064484758194e-02
4.333738687771543918e-01 -6.372546939258751930e-01 6.372546939258751930e-01 2.327328064484758194e-02
-4.333738687771543918e-01 -6.372546939258751930e-01 6.372546939258751930e-01 2.327328064484758194e-02
4.333738687771543918e-01 -6.372546939258751930e-01 -6.372546939258751930e-01 2.327328064484758194e-02
5.044419707800358310e-01 5.044419707800358310e-01 7.007685753735729550e-01 2.320651712444717074e-02
5.044419707800358310e-01 -5.044419707800358310e-01 7.007685753735729550e-01 2.320651712444717074e-02
-5.044419707800358310e-01 -5.044419707800358310e-01 7.007685753735729550e-01 2.320651712444717074e-02
5.044419707800358310e-01 -5.044419707800358310e-01 -7.007685753735729550e-01 2.320651712444717074e-02
-5.044419707800358310e-01 7.007685753735729550e-01 5.044419707800358310e-01 2.320651712444717074e-02
5.044419707800358310e-01 7.007685753735729550e-01 -5.044419707800358310e-01 2.320651712444717074e-02
-5.044419707800358310e-01 7.007685753735729550e-01 -5.044419707800358310e-01 2.320651712444717074e-02
-5.044419707800358310e-01 -7.007685753735729550e-01 -5.044419707800358310e-01 2.320651712444717074e-02
7.007685753735729550e-01 5.044419707800358310e-01 5.044419707800358310e-01 2.320651712444717074e-02
7.007685753735729550e-01 -5.044419707800358310e-01 5.044419707800358310e-01 2.320651712444717074e-02
-7.007685753735729550e-01 -5.044419707800358310e-01 5.044419707800358310e-01 2.320651712444717074e-02
7.007685753735729550e-01 -5.044419707800358310e-01 -5.044419707800358310e-01 2.320651712444717074e-02
4.215761784010966795e-01 4.215761784010966795e-01 8.028368773352737575e-01 2.285159031614608996e-02
4.215761784010966795e-01 -4.215761784010966795e-01 8.028368773352737575e-01 2.285159031614608996e-02
-4.215761784010966795e-01 -4.215761784010966795e-01 8.028368773352737575e-01 2.285159031614608996e-02
4.215761784010966795e-01 -4.215761784010966795e-01 -8.028368773352737575e-01 2.285159031614608996e-02
-4.215761784010966795e-01 8.028368773352737575e-01 4.215761784010966795e-01 2.285159031614608996e-02
4.215761784010966795e-01 8.028368773352737575e-01 -4.215761784010966795e-01 2.285159031614608996e-02
-4.215761784010966795e-01 8.028368773352737575e-01 -4.215761784010966795e-01 2.285159031614608996e-02
-4.215761784010966795e-01 -8.028368773352737575e-01 -4.215761784010966795e-01 2.285159031614608996e-02
8.028368773352737575e-01 4.215761784010966795e-01 4.215761784010966795e-01 2.285159031614608996e-02
8.028368773352737575e-01 -4.215761784010966795e-01 4.215761784010966795e-01 2.285159031614608996e-02
-8.028368773352737575e-01 -4.215761784010966795e-01 4.215761784010966795e-01 2.285159031614608996e-02
8.028368773352737575e-01 -4.215761784010966795e-01 -4.215761784010966795e-01 2.285159031614608996e-02
3.317920736472123044e-01 3.317920736472123044e-01 8.830787279341325569e-01 2.198567789717927046e-02
3.317920736472123044e-01 -3.317920736472123044e-01 8.830787279341325569e-01 2.198567789717927046e-02
-3.317920736472123044e-01 -3.317920736472123044e-01 8.830787279341325569e-01 2.198567789717927046e-02
3.317920736472123044e-01 -3.317920736472123044e-01 -8.830787279341325569e-01 2.198567789717927046e-02
-3.317920736472123044e-01 8.830787279341325569e-01 3.317920736472123044e-01 2.198567789717927046e-02
3.317920736472123044e-01 8.830787279341325569e-01 -3.317920736472123044e-01 2.198567789717927046e-02
-3.317920736472123044e-01 8.830787279341325569e-01 -3.317920736472123044e-01 2.198567789717927046e-02
-3.317920736472123044e-01 -8.830787279341325569e-01 -3.317920736472123044e-01 2.198567789717927046e-02
8.830787279341325569e-01 3.317920736472123044e-01 3.317920736472123044e-01 2.198567789717927046e-02
8.830787279341325569e-01 -3.317920736472123044e-01 3.317920736472123044e-01 2.198567789717927046e-02
-8.830787279341325569e-01 -3.317920736472123044e-01 3.317920736472123044e-01 2.198567789717927046e-02
8.830787279341325569e-01 -3.317920736472123044e-01 -3.317920736472123044e-01 2.198567789717927046e-02
2.384736701421887040e-01 2.384736701421887040e-01 9.414141582204025305e-01 2.032246835488660947e-02
2.384736701421887040e-01 -2.384736701421887040e-01 9.414141582204025305e-01 2.032246835488660947e-02
-2.384736701421887040e-01 -2.384736701421887040e-01 9.414141582204025305e-01 2.032246835488660947e-02
2.384736701421887040e-01 -2.384736701421887040e-01 -9.414141582204025305e-01 2.032246835488660947e-02
-2.384736701421887040e-01 9.414141582204025305e-01 2.384736701421887040e-01 2.032246835488660947e-02
2.384736701421887040e-01 9.414141582204025305e-01 -2.384736701421887040e-01 2.032246835488660947e-02
-2.384736701421887040e-01 9.414141582204025305e-01 -2.384736701421887040e-01 2.032246835488660947e-02
-2.384736701421887040e-01 -9.414141582204025305e-01 -2.384736701421887040e-01 2.032246835488660947e-02
9.414141582204025305e-01 2.384736701421887040e-01 2.384736701421887040e-01 2.032246835488660947e-02
9.414141582204025305e-01 -2.384736701421887040e-01 2.384736701421887040e-01 2.032246835488660947e-02
-9.414141582204025305e-01 -2.384736701421887040e-01 2.384736701421887040e-01 2.032246835488660947e-02
9.414141582204025305e-01 -2.384736701421887040e-01 -2.384736701421887040e-01 2.032246835488660947e-02
1.459036449157762871e-01 1.459036449157762871e-01 9.784805837626938674e-01 1.740112129664927662e-02
1.459036449157762871e-01 -1.459036449157762871e-01 9.784805837626938674e-01 1.740112129664927662e-02
-1.459036449157762871e-01 -1.459036449157762871e-01 9.784805837626938674e-01 1.740112129664927662e-02
1.459036449157762871e-01 -1.459036449157762871e-01 -9.784805837626938674e-01 1.740112129664927662e-02
-1.459036449157762871e-01 9.784805837626938674e-01 1.459036449157762871e-01 1.740112129664927662e-02
1.459036449157762871e-01 9.784805837626938674e-01 -1.459036449157762871e-01 1.740112129664927662e-02
-1.459036449157762871e-01 9.784805837626938674e-01 -1.459036449157762871e-01 1.740112129664927662e-02
-1.459036449157762871e-01 -9.784805837626938674e-01 -1.459036449157762871e-01 1.740112129664927662e-02
9.784805837626938674e-01 1.459036449157762871e-01 1.459036449157762871e-01 1.740112129664927662e-02
9.784805837626938674e-01 -1.459036449157762871e-01 1.459036449157762871e-01 1.740112129664927662e-02
-9.784805837626938674e-01 -1.459036449157762871e-01 1.459036449157762871e-01 1.740112129664927662e-02
9.784805837626938674e-01 -1.459036449157762871e-01 -1.459036449157762871e-01 1.740112129664927662e-02
6.095034115507196038e-02 6.095034115507196038e-02 9.962781297540164172e-01 1.227022042213689844e-02
6.095034115507196038e-02 -6.095034115507196038e-02 9.962781297540164172e-01 1.227022042213689844e-02
-6.095034115507196038e-02 -6.095034115507196038e-02 9.962781297540164172e-01 1.227022042213689844e-02
6.095034115507196038e-02 -6.095034115507196038e-02 -9.962781297540164172e-01 1.227022042213689844e-02
-6.095034115507196038e-02 9.962781297540164172e-01 6.095034115507196038e-02 1.227022042213689844e-02
6.095034115507196038e-02 9.962781297540164172e-01 -6.095034115507196038e-02 1.227022042213689844e-02
-6.095034115507196038e-02 9.962781297540164172e-01 -6.095034115507196038e-02 1.227022042213689844e-02
-6.095034115507196038e-02 -9.962781297540164172e-01 -6.095034115507196038e-02 1.227022042213689844e-02
9.962781297540164172e-01 6.095034115507196038e-02 6.095034115507196038e-02 1.227022042213689844e-02
9.962781297540164172e-01 -6.095034115507196038e-02 6.095034115507196038e-02 1.227022042213689844e-02
-9.962781297540164172e-01 -6.095034115507196038e-02 6.095034115507196038e-02 1.227022042213689844e-02
9.962781297540164172e-01 -6.095034115507196038e-02 -6.095034115507196038e-02 1.227022042213689844e-02
6.116843442009876064e-01 7.911019296269019563e-01 0.000000000000000000e+00 2.333777588926988500e-02
6.116843442009876064e-01 -7.911019296269019563e-01 0.000000000000000000e+00 2.333777588926988500e-02
7.911019296269019563e-01 6.116843442009876064e-01 0.000000000000000000e+00 2.333777588926988500e-02
7.911019296269019563e-01 -6.116843442009876064e-01 0.000000000000000000e+00 2.333777588926988500e-02
6.116843442009876064e-01 0.000000000000000000e+00 7.911019296269019563e-01 2.333777588926988500e-02
6.116843442009876064e-01 0.000000000000000000e+00 -7.911019296269019563e-01 2.333777588926988500e-02
7.911019296269019563e-01 0.000000000000000000e+00 6.116843442009876064e-01 2.333777588926988500e-02
7.911019296269019563e-01 0.000000000000000000e+00 -6.116843442009876064e-01 2.333777588926988500e-02
0.000000000000000000e+00 6.116843442009876064e-01 7.911019296269019563e-01 2.333777588926988500e-02
0.000000000000000000e+00 6.116843442009876064e-01 -7.911019296269019563e-01 2.333777588926988500e-02
0.000000000000000000e+00 7.911019296269019563e-01 6.116843442009876064e-01 2.333777588926988500e-02
0.000000000000000000e+00 7.911019296269019563e-01 -6.116843442009876064e-01 2.333777588926988500e-02
3.964755348199858198e-01 9.180452877114539945e-01 0.000000000000000000e+00 2.142759707326609420e-02
3.964755348199858198e-01 -9.180452877114539945e-01 0.000000000000000000e+00 2.142759707326609420e-02
9.180452877114539945e-01 3.964755348199858198e-01 0.000000000000000000e+00 2.142759707326609420e-02
9.180452877114539945e-01 -3.964755348199858198e-01 0.000000000000000000e+00 2.142759707326609420e-02
3.964755348199858198e-01 0.000000000000000000e+00 9.180452877114539945e-01 2.142759707326609420e-02
3.964755348199858198e-01 0.000000000000000000e+00 -9.180452877114539945e-01 2.142759707326609420e-02
9.180452877114539945e-01 0.000000000000000000e+00 3.964755348199858198e-01 2.142759707326609420e-02
9.180452877114539945e-01 0.000000000000000000e+00 -3.964755348199858198e-01 2.142759707326609420e-02
0.000000000000000000e+00 3.964755348199858198e-01 9.180452877114539945e-01 2.142759707326609420e-02
0.000000000000000000e+00 3.964755348199858198e-01 -9.180452877114539945e-01 2.142759707326609420e-02
0.000000000000000000e+00 9.180452877114539945e-01 3.964755348199858198e-01 2.142759707326609420e-02
0.000000000000000000e+00 9.180452877114539945e-01 -3.964755348199858198e-01 2.142759707326609420e-02
1.724782009907724067e-01 9.850133350280019240e-01 0.000000000000000000e+00 1.634032422273241220e-02
1.724782009907724067e-01 -9.850133350280019240e-01 0.000000000000000000e+00 1.634032422273241220e-02
9.850133350280019240e-01 1.724782009907724067e-01 0.000000000000000000e+00 1.634032422273241220e-02
9.850133350280019240e-01 -1.724782009907724067e-01 0.000000000000000000e+00 1.634032422273241220e-02
1.724782009907724067e-01 0.000000000000000000e+00 9.850133350280019240e-01 1.634032422273241220e-02
1.724782009907724067e-01 0.000000000000000000e+00 -9.850133350280019240e-01 1.634032422273241220e-02
9.850133350280019240e-01 0.000000000000000000e+00 1.724782009907724067e-01 1.634032422273241220e-02
9.850133350280019240e-01 0.000000000000000000e+00 -1.724782009907724067e-01 1.634032422273241220e-02
0.000000000000000000e+00 1.724782009907724067e-01 9.850133350280019240e-01 1.634032422273241220e-02
0.000000000000000000e+00 1.724782009907724067e-01 -9.850133350280019240e-01 1.634032422273241220e-02
0.000000000000000000e+00 9.850133350280019240e-01 1.724782009907724067e-01 1.634032422273241220e-02
0.000000000000000000e+00 9.850133350280019240e-01 -1.724782009907724067e-01 1.634032422273241220e-02
5.610263808622060200e-01 3.518280927733519192e-01 7.493106119041158530e-01 2.315814309130471982e-02
5.610263808622060200e-01 -3.518280927733519192e-01 7.493106119041158530e-01 2.315814309130471982e-02
-5.610263808622060200e-01 -3.518280927733519192e-01 7.493106119041158530e-01 2.315814309130471982e-02
-5.610263808622060200e-01 3.518280927733519192e-01 -7.493106119041158530e-01 2.315814309130471982e-02
3.518280927733519192e-01 5.610263808622060200e-01 7.493106119041158530e-01 2.315814309130471982e-02
3.518280927733519192e-01 -5.610263808622060200e-01 7.493106119041158530e-01 2.315814309130471982e-02
-3.518280927733519192e-01 -5.610263808622060200e-01 7.493106119041158530e-01 2.315814309130471982e-02
-3.518280927733519192e-01 5.610263808622060200e-01 -7.493106119041158530e-01 2.315814309130471982e-02
7.493106119041158530e-01 5.610263808622060200e-01 3.518280927733519192e-01 2.315814309130471982e-02
7.493106119041158530e-01 -5.610263808622060200e-01 3.518280927733519192e-01 2.315814309130471982e-02
-7.493106119041158530e-01 -5.610263808622060200e-01 3.518280927733519192e-01 2.315814309130471982e-02
-7.493106119041158530e-01 5.610263808622060200e-01 -3.518280927733519192e-01 2.315814309130471982e-02
7.493106119041158530e-01 3.518280927733519192e-01 5.610263808622060200e-01 2.315814309130471982e-02
7.493106119041158530e-01 -3.518280927733519192e-01 5.610263808622060200e-01 2.315814309130471982e-02
-7.493106119041158530e-01 -3.518280927733519192e-01 5.610263808622060200e-01 2.315814309130471982e-02
-7.493106119041158530e-01 3.518280927733519192e-01 -5.610263808622060200e-01 2.315814309130471982e-02
5.610263808622060200e-01 7.493106119041158530e-01 3.518280927733519192e-01 2.315814309130471982e-02
5.610263808622060200e-01 -7.493106119041158530e-01 3.518280927733519192e-01 2.315814309130471982e-02
-5.610263808622060200e-01 -7.493106119041158530e-01 3.518280927733519192e-01 2.315814309130471982e-02
-5.610263808622060200e-01 7.493106119041158530e-01 -3.518280927733519192e-01 2.315814309130471982e-02
3.518280927733519192e-01 7.493106119041158530e-01 5.610263808622060200e-01 2.315814309130471982e-02
3.518280927733519192e-01 -7.493106119041158530e-01 5.610263808622060200e-01 2.315814309130471982e-02
-3.518280927733519192e-01 -7.493106119041158530e-01 5.610263808622060200e-01 2.315814309130471982e-02
-3.518280927733519192e-01 7.493106119041158530e-01 -5.610263808622060200e-01 2.315814309130471982e-02
4.742392842551980126e-01 2.634716655937949792e-01 8.400474883590504094e-01 2.265288026067282037e-02
4.742392842551980126e-01 -2.634716655937949792e-01 8.400474883590504094e-01 2.265288026067282037e-02
-4.742392842551980126e-01 -2.634716655937949792e-01 8.400474883590504094e-01 2.265288026067282037e-02
-4.742392842551980126e-01 2.634716655937949792e-01 -8.400474883590504094e-01 2.265288026067282037e-02
2.634716655937949792e-01 4.742392842551980126e-01 8.400474883590504094e-01 2.265288026067282037e-02
2.634716655937949792e-01 -4.742392842551980126e-01 8.400474883590504094e-01 2.265288026067282037e-02
-2.634716655937949792e-01 -4.742392842551980126e-01 8.400474883590504094e-01 2.265288026067282037e-02
-2.634716655937949792e-01 4.742392842551980126e-01 -8.400474883590504094e-01 2.265288026067282037e-02
8.400474883590504094e-01 4.742392842551980126e-01 2.634716655937949792e-01 2.265288026067282037e-02
8.400474883590504094e-01 -4.742392842551980126e-01 2.634716655937949792e-01 2.265288026067282037e-02
-8.400474883590504094e-01 -4.742392842551980126e-01 2.634716655937949792e-01 2.265288026067282037e-02
-8.400474883590504094e-01 4.742392842551980126e-01 -2.634716655937949792e-01 2.265288026067282037e-02
8.400474883590504094e-01 2.634716655937949792e-01 4.742392842551980126e-01 2.265288026067282037e-02
8.400474883590504094e-01 -2.634716655937949792e-01 4.742392842551980126e-01 2.265288026067282037e-02
-8.400474883590504094e-01 -2.634716655937949792e-01 4.742392842551980126e-01 2.265288026067282037e-02
-8.400474883590504094e-01 2.634716655937949792e-01 -4.742392842551980126e-01 2.265288026067282037e-02
4.742392842551980126e-01 8.400474883590504094e-01 2.634716655937949792e-01 2.265288026067282037e-02
4.742392842551980126e-01 -8.400474883590504094e-01 2.634716655937949792e-01 2.265288026067282037e-02
-4.742392842551980126e-01 -8.400474883590504094e-01 2.634716655937949792e-01 2.265288026067282037e-02
-4.742392842551980126e-01 8.400474883590504094e-01 -2.634716655937949792e-01 2.265288026067282037e-02
2.634716655937949792e-01 8.400474883590504094e-01 4.742392842551980126e-01 2.265288026067282037e-02
2.634716655937949792e-01 -8.400474883590504094e-01 4.742392842551980126e-01 2.265288026067282037e-02
-2.634716655937949792e-01 -8.400474883590504094e-01 4.742392842551980126e-01 2.265288026067282037e-02
-2.634716655937949792e-01 8.400474883590504094e-01 -4.742392842551980126e-01 2.265288026067282037e-02
5.984126497885380314e-01 1.816640840360209119e-01 7.803207424799203373e-01 2.324565639630276834e-02
5.984126497885380314e-01 -1.816640840360209119e-01 7.803207424799203373e-01 2.324565639630276834e-02
-5.984126497885380314e-01 -1.816640840360209119e-01 7.803207424799203373e-01 2.324565639630276834e-02
-5.984126497885380314e-01 1.816640840360209119e-01 -7.803207424799203373e-01 2.324565639630276834e-02
1.816640840360209119e-01 5.984126497885380314e-01 7.803207424799203373e-01 2.324565639630276834e-02
1.816640840360209119e-01 -5.984126497885380314e-01 7.803207424799203373e-01 2.324565639630276834e-02
-1.816640840360209119e-01 -5.984126497885380314e-01 7.803207424799203373e-01 2.324565639630276834e-02
-1.816640840360209119e-01 5.984126497885380314e-01 -7.803207424799203373e-01 2.324565639630276834e-02
7.803207424799203373e-01 5.984126497885380314e-01 1.816640840360209119e-01 2.324565639630276834e-02
7.803207424799203373e-01 -5.984126497885380314e-01 1.816640840360209119e-01 2.324565639630276834e-02
-7.803207424799203373e-01 -5.984126497885380314e-01 1.816640840360209119e-01 2.324565639630276834e-02
-7.803207424799203373e-01 5.984126497885380314e-01 -1.816640840360209119e-01 2.324565639630276834e-02
7.803207424799203373e-01 1.816640840360209119e-01 5.984126497885380314e-01 2.324565639630276834e-02
7.803207424799203373e-01 -1.816640840360209119e-01 5.984126497885380314e-01 2.324565639630276834e-02
-7.803207424799203373e-01 -1.816640840360209119e-01 5.984126497885380314e-01 2.324565639630276834e-02
-7.803207424799203373e-01 1.816640840360209119e-01 -5.984126497885380314e-01 2.324565639630276834e-02
5.984126497885380314e-01 7.803207424799203373e-01 1.816640840360209119e-01 2.324565639630276834e-02
5.984126497885380314e-01 -7.803207424799203373e-01 1.816640840360209119e-01 2.324565639630276834e-02
-5.984126497885380314e-01 -7.803207424799203373e-01 1.816640840360209119e-01 2.324565639630276834e-02
-5.984126497885380314e-01 7.803207424799203373e-01 -1.816640840360209119e-01 2.324565639630276834e-02
1.816640840360209119e-01 7.803207424799203373e-01 5.984126497885380314e-01 2.324565639630276834e-02
1.816640840360209119e-01 -7.803207424799203373e-01 5.984126497885380314e-01 2.324565639630276834e-02
-1.816640840360209119e-01 -7.803207424799203373e-01 5.984126497885380314e-01 2.324565639630276834e-02
-1.816640840360209119e-01 7.803207424799203373e-01 -5.984126497885380314e-01 2.324565639630276834e-02
3.791035407695563242e-01 1.720795225656877869e-01 9.092134750923736020e-01 2.153755923392348948e-02
3.791035407695563242e-01 -1.720795225656877869e-01 9.092134750923736020e-01 2.153755923392348948e-02
-3.791035407695563242e-01 -1.720795225656877869e-01 9.092134750923736020e-01 2.153755923392348948e-02
-3.791035407695563242e-01 1.720795225656877869e-01 -9.092134750923736020e-01 2.153755923392348948e-02
1.720795225656877869e-01 3.791035407695563242e-01 9.092134750923736020e-01 2.153755923392348948e-02
1.720795225656877869e-01 -3.791035407695563242e-01 9.092134750923736020e-01 2.153755923392348948e-02
-1.720795225656877869e-01 -3.791035407695563242e-01 9.092134750923736020e-01 2.153755923392348948e-02
-1.720795225656877869e-01 3.791035407695563242e-01 -9.092134750923736020e-01 2.153755923392348948e-02
9.092134750923736020e-01 3.791035407695563242e-01 1.720795225656877869e-01 2.153755923392348948e-02
9.092134750923736020e-01 -3.791035407695563242e-01 1.720795225656877869e-01 2.153755923392348948e-02
-9.092134750923736020e-01 -3.791035407695563242e-01 1.720795225656877869e-01 2.153755923392348948e-02
-9.092134750923736020e-01 3.791035407695563242e-01 -1.720795225656877869e-01 2.153755923392348948e-02
9.092134750923736020e-01 1.720795225656877869e-01 3.791035407695563242e-01 2.153755923392348948e-02
9.092134750923736020e-01 -1.720795225656877869e-01 3.791035407695563242e-01 2.153755923392348948e-02
-9.092134750923736020e-01 -1.720795225656877869e-01 3.791035407695563242e-01 2.153755923392348948e-02
-9.092134750923736020e-01 1.720795225656877869e-01 -3.791035407695563242e-01 2.153755923392348948e-02
3.791035407695563242e-01 9.092134750923736020e-01 1.720795225656877869e-01 2.153755923392348948e-02
3.791035407695563242e-01 -9.092134750923736020e-01 1.720795225656877869e-01 2.153755923392348948e-02
-3.791035407695563242e-01 -9.092134750923736020e-01 1.720795225656877869e-01 2.153755923392348948e-02
-3.791035407695563242e-01 9.092134750923736020e-01 -1.720795225656877869e-01 2.153755923392348948e-02
1.720795225656877869e-01 9.092134750923736020e-01 3.791035407695563242e-01 2.153755923392348948e-02
1.720795225656877869e-01 -9.092134750923736020e-01 3.791035407695563242e-01 2.153755923392348948e-02
-1.720795225656877869e-01 -9.092134750923736020e-01 3.791035407695563242e-01 2.153755923392348948e-02
-1.720795225656877869e-01 9.092134750923736020e-01 -3.791035407695563242e-01 2.153755923392348948e-02
2.778673190586243846e-01 8.213021581932511417e-02 9.571020743100725481e-01 1.954339052477728836e-02
2.778673190586243846e-01 -8.213021581932511417e-02 9.571020743100725481e-01 1.954339052477728836e-02
-2.778673190586243846e-01 -8.213021581932511417e-02 9.571020743100725481e-01 1.954339052477728836e-02
-2.778673190586243846e-01 8.213021581932511417e-02 -9.571020743100725481e-01 1.954339052477728836e-02
8.213021581932511417e-02 2.778673190586243846e-01 9.571020743100725481e-01 1.954339052477728836e-02
8.213021581932511417e-02 -2.778673190586243846e-01 9.571020743100725481e-01 1.954339052477728836e-02
-8.213021581932511417e-02 -2.778673190586243846e-01 9.571020743100725481e-01 1.954339052477728836e-02
-8.213021581932511417e-02 2.778673190586243846e-01 -9.571020743100725481e-01 1.954339052477728836e-02
9.571020743100725481e-01 2.778673190586243846e-01 8.213021581932511417e-02 1.954339052477728836e-02
9.571020743100725481e-01 -2.778673190586243846e-01 8.213021581932511417e-02 1.954339052477728836e-02
-9.571020743100725481e-01 -2.778673190586243846e-01 8.213021581932511417e-02 1.954339052477728836e-02
-9.571020743100725481e-01 2.778673190586243846e-01 -8.213021581932511417e-02 1.954339052477728836e-02
9.571020743100725481e-01 8.213021581932511417e-02 2.778673190586243846e-01 1.954339052477728836e-02
9.571020743100725481e-01 -8.213021581932511417e-02 2.778673190586243846e-01 1.954339052477728836e-02
-9.571020743100725481e-01 -8.213021581932511417e-02 2.778673190586243846e-01 1.954339052477728836e-02
-9.571020743100725481e-01 8.213021581932511417e-02 -2.778673190586243846e-01 1.954339052477728836e-02
2.778673190586243846e-01 9.571020743100725481e-01 8.213021581932511417e-02 1.954339052477728836e-02
2.778673190586243846e-01 -9.571020743100725481e-01 8.213021581932511417e-02 1.954339052477728836e-02
-2.778673190586243846e-01 -9.571020743100725481e-01 8.213021581932511417e-02 1.954339052477728836e-02
-2.778673190586243846e-01 9.571020743100725481e-01 -8.213021581932511417e-02 1.954339052477728836e-02
8.213021581932511417e-02 9.571020743100725481e-01 2.778673190586243846e-01 1.954339052477728836e-02
8.213021581932511417e-02 -9.571020743100725481e-01 2.778673190586243846e-01 1.954339052477728836e-02
-8.213021581932511417e-02 -9.571020743100725481e-01 2.778673190586243846e-01 1.954339052477728836e-02
-8.213021581932511417e-02 9.571020743100725481e-01 -2.778673190586243846e-01 1.954339052477728836e-02
5.033564271075117169e-01 8.999205842074875505e-02 8.593798558907211893e-01 2.264760481825462551e-02
5.033564271075117169e-01 -8.999205842074875505e-02 8.593798558907211893e-01 2.264760481825462551e-02
-5.033564271075117169e-01 -8.999205842074875505e-02 8.593798558907211893e-01 2.264760481825462551e-02
-5.033564271075117169e-01 8.999205842074875505e-02 -8.593798558907211893e-01 2.264760481825462551e-02
8.999205842074875505e-02 5.033564271075117169e-01 8.593798558907211893e-01 2.264760481825462551e-02
8.999205842074875505e-02 -5.033564271075117169e-01 8.593798558907211893e-01 2.264760481825462551e-02
-8.999205842074875505e-02 -5.033564271075117169e-01 8.593798558907211893e-01 2.264760481825462551e-02
-8.999205842074875505e-02 5.033564271075117169e-01 -8.593798558907211893e-01 2.264760481825462551e-02
8.593798558907211893e-01 5.033564271075117169e-01 8.999205842074875505e-02 2.264760481825462551e-02
8.593798558907211893e-01 -5.033564271075117169e-01 8.999205842074875505e-02 2.264760481825462551e-02
-8.593798558907211893e-01 -5.033564271075117169e-01 8.999205842074875505e-02 2.264760481825462551e-02
-8.593798558907211893e-01 5.033564271075117169e-01 -8.999205842074875505e-02 2.264760481825462551e-02
8.593798558907211893e-01 8.999205842074875505e-02 5.033564271075117169e-01 2.264760481825462551e-02
8.593798558907211893e-01 -8.999205842074875505e-02 5.033564271075117169e-01 2.264760481825462551e-02
-8.593798558907211893e-01 -8.999205842074875505e-02 5.033564271075117169e-01 2.264760481825462551e-02
-8.593798558907211893e-01 8.999205842074875505e-02 -5.033564271075117169e-01 2.264760481825462551e-02
5.033564271075117169e-01 8.593798558907211893e-01 8.999205842074875505e-02 2.264760481825462551e-02
5.033564271075117169e-01 -8.593798558907211893e-01 8.999205842074875505e-02 2.264760481825462551e-02
-5.033564271075117169e-01 -8.593798558907211893e-01 8.999205842074875505e-02 2.264760481825462551e-02
-5.033564271075117169e-01 8.593798558907211893e-01 -8.999205842074875505e-02 2.264760481825462551e-02
8.999205842074875505e-02 8.593798558907211893e-01 5.033564271075117169e-01 2.264760481825462551e-02
8.999205842074875505e-02 -8.593798558907211893e-01 5.033564271075117169e-01 2.264760481825462551e-02
-8.999205842074875505e-02 -8.593798558907211893e-01 5.033564271075117169e-01 2.264760481825462551e-02
-8.999205842074875505e-02 8.593798558907211893e-01 -5.033564271075117169e-01 2.264760481825462551e-02
