1.000000000000000000e+00 0.000000000000000000e+00 0.000000000000000000e+00 2.755732301591147342e-03
0.000000000000000000e+00 1.000000000000000000e+00 0.000000000000000000e+00 2.755732301591147342e-03
0.000000000000000000e+00 0.000000000000000000e+00 1.000000000000000000e+00 2.755732301591147342e-03
0.000000000000000000e+00 7.071067811865475727e-01 7.071067811865475727e-01 1.805075719815613447e-02
0.000000000000000000e+00 7.071067811865475727e-01 -7.071067811865475727e-01 1.805075719815613447e-02
7.071067811865475727e-01 0.000000000000000000e+00 7.071067811865475727e-01 1.805075719815613447e-02
-7.071067811865475727e-01 0.000000000000000000e+00 7.071067811865475727e-01 1.805075719815613447e-02
7.071067811865475727e-01 7.071067811865475727e-01 0.000000000000000000e+00 1.805075719815613447e-02
7.071067811865475727e-01 -7.071067811865475727e-01 0.000000000000000000e+00 1.805075719815613447e-02
5.773502691896257311e-01 5.773502691896257311e-01 5.773502691896257311e-01 1.786862935843413006e-02
5.773502691896257311e-01 -5.773502691896257311e-01 5.773502691896257311e-01 1.786862935843413006e-02
-5.773502691896257311e-01 -5.773502691896257311e-01 5.773502691896257311e-01 1.786862935843413006e-02
-5.773502691896257311e-01 5.773502691896257311e-01 -5.773502691896257311e-01 1.786862935843413006e-02
5.087204410502359914e-02 5.087204410502359914e-02 9.974086776528230391e-01 8.542773952204922583e-03
5.087204410502359914e-02 -5.087204410502359914e-02 9.974086776528230391e-01 8.542773952204922583e-03
-5.087204410502359914e-02 -5.087204410502359914e-02 9.974086776528230391e-01 8.542773952204922583e-03
5.087204410502359914e-02 -5.087204410502359914e-02 -9.974086776528230391e-01 8.542773952204922583e-03
-5.087204410502359914e-02 9.974086776528230391e-01 5.087204410502359914e-02 8.542773952204922583e-03
5.087204410502359914e-02 9.974086776528230391e-01 -5.087204410502359914e-02 8.542773952204922583e-03
-5.087204410502359914e-02 9.974086776528230391e-01 -5.087204410502359914e-02 8.542773952204922583e-03
-5.087204410502359914e-02 -9.974086776528230391e-01 -5.087204410502359914e-02 8.542773952204922583e-03
9.974086776528230391e-01 5.087204410502359914e-02 5.087204410502359914e-02 8.542773952204922583e-03
9.974086776528230391e-01 -5.087204410502359914e-02 5.087204410502359914e-02 8.542773952204922583e-03
-9.974086776528230391e-01 -5.087204410502359914e-02 5.087204410502359914e-02 8.542773952204922583e-03
9.974086776528230391e-01 -5.087204410502359914e-02 -5.087204410502359914e-02 8.542773952204922583e-03
1.228198790178831046e-01 1.228198790178831046e-01 9.847997535723012064e-01 1.245727470691385813e-02
1.228198790178831046e-01 -1.228198790178831046e-01 9.847997535723012064e-01 1.245727470691385813e-02
-1.228198790178831046e-01 -1.228198790178831046e-01 9.847997535723012064e-01 1.245727470691385813e-02
1.228198790178831046e-01 -1.228198790178831046e-01 -9.847997535723012064e-01 1.245727470691385813e-02
-1.228198790178831046e-01 9.847997535723012064e-01 1.228198790178831046e-01 1.245727470691385813e-02
1.228198790178831046e-01 9.847997535723012064e-01 -1.228198790178831046e-01 1.245727470691385813e-02
-1.228198790178831046e-01 9.847997535723012064e-01 -1.228198790178831046e-01 1.245727470691385813e-02
-1.228198790178831046e-01 -9.847997535723012064e-01 -1.228198790178831046e-01 1.245727470691385813e-02
9.847997535723012064e-01 1.228198790178831046e-01 1.228198790178831046e-01 1.245727470691385813e-02
9.847997535723012064e-01 -1.228198790178831046e-01 1.228198790178831046e-01 1.245727470691385813e-02
-9.847997535723012064e-01 -1.228198790178831046e-01 1.228198790178831046e-01 1.245727470691385813e-02
9.847997535723012064e-01 -1.228198790178831046e-01 -1.228198790178831046e-01 1.245727470691385813e-02
2.026890814408786046e-01 2.026890814408786046e-01 9.580366759833913726e-01 1.483092903445043867e-02
2.026890814408786046e-01 -2.026890814408786046e-01 9.580366759833913726e-01 1.483092903445043867e-02
-2.026890814408786046e-01 -2.026890814408786046e-01 9.580366759833913726e-01 1.483092903445043867e-02
2.026890814408786046e-01 -2.026890814408786046e-01 -9.580366759833913726e-01 1.483092903445043867e-02
-2.026890814408786046e-01 9.580366759833913726e-01 2.026890814408786046e-01 1.483092903445043867e-02
2.026890814408786046e-01 9.580366759833913726e-01 -2.026890814408786046e-01 1.483092903445043867e-02
-2.026890814408786046e-01 9.580366759833913726e-01 -2.026890814408786046e-01 1.483092903445043867e-02
-2.026890814408786046e-01 -9.580366759833913726e-01 -2.026890814408786046e-01 1.483092903445043867e-02
9.580366759833913726e-01 2.026890814408786046e-01 2.026890814408786046e-01 1.483092903445043867e-02
9.580366759833913726e-01 -2.026890814408786046e-01 2.026890814408786046e-01 1.483092903445043867e-02
-9.580366759833913726e-01 -2.026890814408786046e-01 2.026890814408786046e-01 1.483092903445043867e-02
9.580366759833913726e-01 -2.026890814408786046e-01 -2.026890814408786046e-01 1.483092903445043867e-02
2.847745156464294158e-01 2.847745156464294158e-01 9.153179504831547852e-01 1.629355113817948161e-02
2.847745156464294158e-01 -2.847745156464294158e-01 9.153179504831547852e-01 1.629355113817948161e-02
-2.847745156464294158e-01 -2.847745156464294158e-01 9.153179504831547852e-01 1.629355113817948161e-02
2.847745156464294158e-01 -2.847745156464294158e-01 -9.153179504831547852e-01 1.629355113817948161e-02
-2.847745156464294158e-01 9.153179504831547852e-01 2.847745156464294158e-01 1.629355113817948161e-02
2.847745156464294158e-01 9.153179504831547852e-01 -2.847745156464294158e-01 1.629355113817948161e-02
-2.847745156464294158e-01 9.153179504831547852e-01 -2.847745156464294158e-01 1.629355113817948161e-02
-2.847745156464294158e-01 -9.153179504831547852e-01 -2.847745156464294158e-01 1.629355113817948161e-02
9.153179504831547852e-01 2.847745156464294158e-01 2.847745156464294158e-01 1.629355113817948161e-02
9.153179504831547852e-01 -2.847745156464294158e-01 2.847745156464294158e-01 1.629355113817948161e-02
-9.153179504831547852e-01 -2.847745156464294158e-01 2.847745156464294158e-01 1.629355113817948161e-02
9.153179504831547852e-01 -2.847745156464294158e-01 -2.847745156464294158e-01 1.629355113817948161e-02
3.656719078978025728e-01 3.656719078978025728e-01 8.559019286978865049e-01 1.716404656862800804e-02
3.656719078978025728e-01 -3.656719078978025728e-01 8.559019286978865049e-01 1.716404656862800804e-02
-3.656719078978025728e-01 -3.656719078978025728e-01 8.559019286978865049e-01 1.716404656862800804e-02
3.656719078978025728e-01 -3.656719078978025728e-01 -8.559019286978865049e-01 1.716404656862800804e-02
-3.656719078978025728e-01 8.559019286978865049e-01 3.656719078978025728e-01 1.716404656862800804e-02
3.656719078978025728e-01 8.559019286978865049e-01 -3.656719078978025728e-01 1.716404656862800804e-02
-3.656719078978025728e-01 8.559019286978865049e-01 -3.656719078978025728e-01 1.716404656862800804e-02
-3.656719078978025728e-01 -8.559019286978865049e-01 -3.656719078978025728e-01 1.716404656862800804e-02
8.559019286978865049e-01 3.656719078978025728e-01 3.656719078978025728e-01 1.716404656862800804e-02
8.559019286978865049e-01 -3.656719078978025728e-01 3.656719078978025728e-01 1.716404656862800804e-02
-8.559019286978865049e-01 -3.656719078978025728e-01 3.656719078978025728e-01 1.716404656862800804e-02
8.559019286978865049e-01 -3.656719078978025728e-01 -3.656719078978025728e-01 1.716404656862800804e-02
4.428264886713468851e-01 4.428264886713468851e-01 7.796213195276351371e-01 1.763047477532941887e-02
4.428264886713468851e-01 -4.428264886713468851e-01 7.796213195276351371e-01 1.763047477532941887e-02
-4.428264886713468851e-01 -4.428264886713468851e-01 7.796213195276351371e-01 1.763047477532941887e-02
4.428264886713468851e-01 -4.428264886713468851e-01 -7.796213195276351371e-01 1.763047477532941887e-02
-4.428264886713468851e-01 7.796213195276351371e-01 4.428264886713468851e-01 1.763047477532941887e-02
4.428264886713468851e-01 7.796213195276351371e-01 -4.428264886713468851e-01 1.763047477532941887e-02
-4.428264886713468851e-01 7.796213195276351371e-01 -4.428264886713468851e-01 1.763047477532941887e-02
-4.428264886713468851e-01 -7.796213195276351371e-01 -4.428264886713468851e-01 1.763047477532941887e-02
7.796213195276351371e-01 4.428264886713468851e-01 4.428264886713468851e-01 1.763047477532941887e-02
7.796213195276351371e-01 -4.428264886713468851e-01 4.428264886713468851e-01 1.763047477532941887e-02
-7.796213195276351371e-01 -4.428264886713468851e-01 4.428264886713468851e-01 1.763047477532941887e-02
7.796213195276351371e-01 -4.428264886713468851e-01 -4.428264886713468851e-01 1.763047477532941887e-02
5.140619627249735091e-01 5.140619627249735091e-01 6.866444472641543006e-01 1.782722592255886820e-02
5.140619627249735091e-01 -5.140619627249735091e-01 6.866444472641543006e-01 1.782722592255886820e-02
-5.140619627249735091e-01 -5.140619627249735091e-01 6.866444472641543006e-01 1.782722592255886820e-02
5.140619627249735091e-01 -5.140619627249735091e-01 -6.866444472641543006e-01 1.782722592255886820e-02
-5.140619627249735091e-01 6.866444472641543006e-01 5.140619627249735091e-01 1.782722592255886820e-02
5.140619627249735091e-01 6.866444472641543006e-01 -5.140619627249735091e-01 1.782722592255886820e-02
-5.140619627249735091e-01 6.866444472641543006e-01 -5.140619627249735091e-01 1.782722592255886820e-02
-5.140619627249735091e-01 -6.866444472641543006e-01 -5.140619627249735091e-01 1.782722592255886820e-02
6.866444472641543006e-01 5.140619627249735091e-01 5.140619627249735091e-01 1.782722592255886820e-02
6.866444472641543006e-01 -5.140619627249735091e-01 5.140619627249735091e-01 1.782722592255886820e-02
-6.866444472641543006e-01 -5.140619627249735091e-01 5.140619627249735091e-01 1.782722592255886820e-02
6.866444472641543006e-01 -5.140619627249735091e-01 -5.140619627249735091e-01 1.782722592255886820e-02
6.306401219166802852e-01 6.306401219166802852e-01 4.523119203136584110e-01 1.786154692073830749e-02
6.306401219166802852e-01 -6.306401219166802852e-01 4.523119203136584110e-01 1.786154692073830749e-02
-6.306401219166802852e-01 -6.306401219166802852e-01 4.523119203136584110e-01 1.786154692073830749e-02
6.306401219166802852e-01 -6.306401219166802852e-01 -4.523119203136584110e-01 1.786154692073830749e-02
-6.306401219166802852e-01 4.523119203136584110e-01 6.306401219166802852e-01 1.786154692073830749e-02
6.306401219166802852e-01 4.523119203136584110e-01 -6.306401219166802852e-01 1.786154692073830749e-02
-6.306401219166802852e-01 4.523119203136584110e-01 -6.306401219166802852e-01 1.786154692073830749e-02
-6.306401219166802852e-01 -4.523119203136584110e-01 -6.306401219166802852e-01 1.786154692073830749e-02
4.523119203136584110e-01 6.306401219166802852e-01 6.306401219166802852e-01 1.786154692073830749e-02
4.523119203136584110e-01 -6.306401219166802852e-01 6.306401219166802852e-01 1.786154692073830749e-02
-4.523119203136584110e-01 -6.306401219166802852e-01 6.306401219166802852e-01 1.786154692073830749e-02
4.523119203136584110e-01 -6.306401219166802852e-01 -6.306401219166802852e-01 1.786154692073830749e-02
6.716883332022611786e-01 6.716883332022611786e-01 3.125213050016532601e-01 1.789446746456065801e-02
6.716883332022611786e-01 -6.716883332022611786e-01 3.125213050016532601e-01 1.789446746456065801e-02
-6.716883332022611786e-01 -6.716883332022611786e-01 3.125213050016532601e-01 1.789446746456065801e-02
6.716883332022611786e-01 -6.716883332022611786e-01 -3.125213050016532601e-01 1.789446746456065801e-02
-6.716883332022611786e-01 3.125213050016532601e-01 6.716883332022611786e-01 1.789446746456065801e-02
6.716883332022611786e-01 3.125213050016532601e-01 -6.716883332022611786e-01 1.789446746456065801e-02
-6.716883332022611786e-01 3.125213050016532601e-01 -6.716883332022611786e-01 1.789446746456065801e-02
-6.716883332022611786e-01 -3.125213050016532601e-01 -6.716883332022611786e-01 1.789446746456065801e-02
3.125213050016532601e-01 6.716883332022611786e-01 6.716883332022611786e-01 1.789446746456065801e-02
3.125213050016532601e-01 -6.716883332022611786e-01 6.716883332022611786e-01 1.789446746456065801e-02
-3.125213050016532601e-01 -6.716883332022611786e-01 6.716883332022611786e-01 1.789446746456065801e-02
3.125213050016532601e-01 -6.716883332022611786e-01 -6.716883332022611786e-01 1.789446746456065801e-02
6.979792685336880798e-01 6.979792685336880798e-01 1.601558034988290191e-01 1.798943864849983712e-02
6.979792685336880798e-01 -6.979792685336880798e-01 1.601558034988290191e-01 1.798943864849983712e-02
-6.979792685336880798e-01 -6.979792685336880798e-01 1.601558034988290191e-01 1.798943864849983712e-02
6.979792685336880798e-01 -6.979792685336880798e-01 -1.601558034988290191e-01 1.798943864849983712e-02
-6.979792685336880798e-01 1.601558034988290191e-01 6.979792685336880798e-01 1.798943864849983712e-02
6.979792685336880798e-01 1.601558034988290191e-01 -6.979792685336880798e-01 1.798943864849983712e-02
-6.979792685336880798e-01 1.601558034988290191e-01 -6.979792685336880798e-01 1.798943864849983712e-02
-6.979792685336880798e-01 -1.601558034988290191e-01 -6.979792685336880798e-01 1.798943864849983712e-02
1.601558034988290191e-01 6.979792685336880798e-01 6.979792685336880798e-01 1.798943864849983712e-02
1.601558034988290191e-01 -6.979792685336880798e-01 6.979792685336880798e-01 1.798943864849983712e-02
-1.601558034988290191e-01 -6.979792685336880798e-01 6.979792685336880798e-01 1.798943864849983712e-02
1.601558034988290191e-01 -6.979792685336880798e-01 -6.979792685336880798e-01 1.798943864849983712e-02
1.446865674195308982e-01 9.894775374955985248e-01 0.000000000000000000e+00 1.162942390613896058e-02
1.446865674195308982e-01 -9.894775374955985248e-01 0.000000000000000000e+00 1.162942390613896058e-02
9.894775374955985248e-01 1.446865674195308982e-01 0.000000000000000000e+00 1.162942390613896058e-02
9.894775374955985248e-01 -1.446865674195308982e-01 0.000000000000000000e+00 1.162942390613896058e-02
1.446865674195308982e-01 0.000000000000000000e+00 9.894775374955985248e-01 1.162942390613896058e-02
1.446865674195308982e-01 0.000000000000000000e+00 -9.894775374955985248e-01 1.162942390613896058e-02
9.894775374955985248e-01 0.000000000000000000e+00 1.446865674195308982e-01 1.162942390613896058e-02
9.894775374955985248e-01 0.000000000000000000e+00 -1.446865674195308982e-01 1.162942390613896058e-02
0.000000000000000000e+00 1.446865674195308982e-01 9.894775374955985248e-01 1.162942390613896058e-02
0.000000000000000000e+00 1.446865674195308982e-01 -9.894775374955985248e-01 1.162942390613896058e-02
0.000000000000000000e+00 9.894775374955985248e-01 1.446865674195308982e-01 1.162942390613896058e-02
0.000000000000000000e+00 9.894775374955985248e-01 -1.446865674195308982e-01 1.162942390613896058e-02
3.390263475411215977e-01 9.407768787937587085e-01 0.000000000000000000e+00 1.571097913473697150e-02
3.390263475411215977e-01 -9.407768787937587085e-01 0.000000000000000000e+00 1.571097913473697150e-02
9.407768787937587085e-01 3.390263475411215977e-01 0.000000000000000000e+00 1.571097913473697150e-02
9.407768787937587085e-01 -3.390263475411215977e-01 0.000000000000000000e+00 1.571097913473697150e-02
3.390263475411215977e-01 0.000000000000000000e+00 9.407768787937587085e-01 1.571097913473697150e-02
3.390263475411215977e-01 0.000000000000000000e+00 -9.407768787937587085e-01 1.571097913473697150e-02
9.407768787937587085e-01 0.000000000000000000e+00 3.390263475411215977e-01 1.571097913473697150e-02
9.407768787937587085e-01 0.000000000000000000e+00 -3.390263475411215977e-01 1.571097913473697150e-02
0.000000000000000000e+00 3.390263475411215977e-01 9.407768787937587085e-01 1.571097913473697150e-02
0.000000000000000000e+00 3.390263475411215977e-01 -9.407768787937587085e-01 1.571097913473697150e-02
0.000000000000000000e+00 9.407768787937587085e-01 3.390263475411215977e-01 1.571097913473697150e-02
0.000000000000000000e+00 9.407768787937587085e-01 -3.390263475411215977e-01 1.571097913473697150e-02
5.335804651263506004e-01 8.457493051936533224e-01 0.000000000000000000e+00 1.752211795927858390e-02
5.335804651263506004e-01 -8.457493051936533224e-01 0.000000000000000000e+00 1.752211795927858390e-02
8.457493051936533224e-01 5.335804651263506004e-01 0.000000000000000000e+00 1.752211795927858390e-02
8.457493051936533224e-01 -5.335804651263506004e-01 0.000000000000000000e+00 1.752211795927858390e-02
5.335804651263506004e-01 0.000000000000000000e+00 8.457493051936533224e-01 1.752211795927858390e-02
5.335804651263506004e-01 0.000000000000000000e+00 -8.457493051936533224e-01 1.752211795927858390e-02
8.457493051936533224e-01 0.000000000000000000e+00 5.335804651263506004e-01 1.752211795927858390e-02
8.457493051936533224e-01 0.000000000000000000e+00 -5.335804651263506004e-01 1.752211795927858390e-02
0.000000000000000000e+00 5.335804651263506004e-01 8.457493051936533224e-01 1.752211795927858390e-02
0.000000000000000000e+00 5.335804651263506004e-01 -8.457493051936533224e-01 1.752211795927858390e-02
0.000000000000000000e+00 8.457493051936533224e-01 5.335804651263506004e-01 1.752211795927858390e-02
0.000000000000000000e+00 8.457493051936533224e-01 -5.335804651263506004e-01 1.752211795927858390e-02
6.944024393349412794e-02 2.355187894242325997e-01 9.693858634984321432e-01 1.416341927904774846e-02
6.944024393349412794e-02 -2.355187894242325997e-01 9.693858634984321432e-01 1.416341927904774846e-02
-6.944024393349412794e-02 -2.355187894242325997e-01 9.693858634984321432e-01 1.416341927904774846e-02
-6.944024393349412794e-02 2.355187894242325997e-01 -9.693858634984321432e-01 1.416341927904774846e-02
2.355187894242325997e-01 6.944024393349412794e-02 9.693858634984321432e-01 1.416341927904774846e-02
2.355187894242325997e-01 -6.944024393349412794e-02 9.693858634984321432e-01 1.416341927904774846e-02
-2.355187894242325997e-01 -6.944024393349412794e-02 9.693858634984321432e-01 1.416341927904774846e-02
-2.355187894242325997e-01 6.944024393349412794e-02 -9.693858634984321432e-01 1.416341927904774846e-02
9.693858634984321432e-01 6.944024393349412794e-02 2.355187894242325997e-01 1.416341927904774846e-02
9.693858634984321432e-01 -6.944024393349412794e-02 2.355187894242325997e-01 1.416341927904774846e-02
-9.693858634984321432e-01 -6.944024393349412794e-02 2.355187894242325997e-01 1.416341927904774846e-02
-9.693858634984321432e-01 6.944024393349412794e-02 -2.355187894242325997e-01 1.416341927904774846e-02
9.693858634984321432e-01 2.355187894242325997e-01 6.944024393349412794e-02 1.416341927904774846e-02
9.693858634984321432e-01 -2.355187894242325997e-01 6.944024393349412794e-02 1.416341927904774846e-02
-9.693858634984321432e-01 -2.355187894242325997e-01 6.944024393349412794e-02 1.416341927904774846e-02
-9.693858634984321432e-01 2.355187894242325997e-01 -6.944024393349412794e-02 1.416341927904774846e-02
6.944024393349412794e-02 9.693858634984321432e-01 2.355187894242325997e-01 1.416341927904774846e-02
6.944024393349412794e-02 -9.693858634984321432e-01 2.355187894242325997e-01 1.416341927904774846e-02
-6.944024393349412794e-02 -9.693858634984321432e-01 2.355187894242325997e-01 1.416341927904774846e-02
-6.944024393349412794e-02 9.693858634984321432e-01 -2.355187894242325997e-01 1.416341927904774846e-02
2.355187894242325997e-01 9.693858634984321432e-01 6.944024393349412794e-02 1.416341927904774846e-02
2.355187894242325997e-01 -9.693858634984321432e-01 6.944024393349412794e-02 1.416341927904774846e-02
-2.355187894242325997e-01 -9.693858634984321432e-01 6.944024393349412794e-02 1.416341927904774846e-02
-2.355187894242325997e-01 9.693858634984321432e-01 -6.944024393349412794e-02 1.416341927904774846e-02
2.269004109529459967e-01 4.102182474045730221e-01 8.833103605221127586e-01 1.691124051527118435e-02
2.269004109529459967e-01 -4.102182474045730221e-01 8.833103605221127586e-01 1.691124051527118435e-02
-2.269004109529459967e-01 -4.102182474045730221e-01 8.833103605221127586e-01 1.691124051527118435e-02
-2.269004109529459967e-01 4.102182474045730221e-01 -8.833103605221127586e-01 1.691124051527118435e-02
4.102182474045730221e-01 2.269004109529459967e-01 8.833103605221127586e-01 1.691124051527118435e-02
4.102182474045730221e-01 -2.269004109529459967e-01 8.833103605221127586e-01 1.691124051527118435e-02
-4.102182474045730221e-01 -2.269004109529459967e-01 8.833103605221127586e-01 1.691124051527118435e-02
-4.102182474045730221e-01 2.269004109529459967e-01 -8.833103605221127586e-01 1.691124051527118435e-02
8.833103605221127586e-01 2.269004109529459967e-01 4.102182474045730221e-01 1.691124051527118435e-02
8.833103605221127586e-01 -2.269004109529459967e-01 4.102182474045730221e-01 1.691124051527118435e-02
-8.833103605221127586e-01 -2.269004109529459967e-01 4.102182474045730221e-01 1.691124051527118435e-02
-8.833103605221127586e-01 2.269004109529459967e-01 -4.102182474045730221e-01 1.691124051527118435e-02
8.833103605221127586e-01 4.102182474045730221e-01 2.269004109529459967e-01 1.691124051527118435e-02
8.833103605221127586e-01 -4.102182474045730221e-01 2.269004109529459967e-01 1.691124051527118435e-02
-8.833103605221127586e-01 -4.102182474045730221e-01 2.269004109529459967e-01 1.691124051527118435e-02
-8.833103605221127586e-01 4.102182474045730221e-01 -2.269004109529459967e-01 1.691124051527118435e-02
2.269004109529459967e-01 8.833103605221127586e-01 4.102182474045730221e-01 1.691124051527118435e-02
2.269004109529459967e-01 -8.833103605221127586e-01 4.102182474045730221e-01 1.691124051527118435e-02
-2.269004109529459967e-01 -8.833103605221127586e-01 4.102182474045730221e-01 1.691124051527118435e-02
-2.269004109529459967e-01 8.833103605221127586e-01 -4.102182474045730221e-01 1.691124051527118435e-02
4.102182474045730221e-01 8.833103605221127586e-01 2.269004109529459967e-01 1.691124051527118435e-02
4.102182474045730221e-01 -8.833103605221127586e-01 2.269004109529459967e-01 1.691124051527118435e-02
-4.102182474045730221e-01 -8.833103605221127586e-01 2.269004109529459967e-01 1.691124051527118435e-02
-4.102182474045730221e-01 8.833103605221127586e-01 -2.269004109529459967e-01 1.691124051527118435e-02
8.025574607775338987e-02 6.214302417481605278e-01 7.793481057026608871e-01 1.790654133178909771e-02
8.025574607775338987e-02 -6.214302417481605278e-01 7.793481057026608871e-01 1.790654133178909771e-02
-8.025574607775338987e-02 -6.214302417481605278e-01 7.793481057026608871e-01 1.790654133178909771e-02
-8.025574607775338987e-02 6.214302417481605278e-01 -7.793481057026608871e-01 1.790654133178909771e-02
6.214302417481605278e-01 8.025574607775338987e-02 7.793481057026608871e-01 1.790654133178909771e-02
6.214302417481605278e-01 -8.025574607775338987e-02 7.793481057026608871e-01 1.790654133178909771e-02
-6.214302417481605278e-01 -8.025574607775338987e-02 7.793481057026608871e-01 1.790654133178909771e-02
-6.214302417481605278e-01 8.025574607775338987e-02 -7.793481057026608871e-01 1.790654133178909771e-02
7.793481057026608871e-01 8.025574607775338987e-02 6.214302417481605278e-01 1.790654133178909771e-02
7.793481057026608871e-01 -8.025574607775338987e-02 6.214302417481605278e-01 1.790654133178909771e-02
-7.793481057026608871e-01 -8.025574607775338987e-02 6.214302417481605278e-01 1.790654133178909771e-02
-7.793481057026608871e-01 8.025574607775338987e-02 -6.214302417481605278e-01 1.790654133178909771e-02
7.793481057026608871e-01 6.214302417481605278e-01 8.025574607775338987e-02 1.790654133178909771e-02
7.793481057026608871e-01 -6.214302417481605278e-01 8.025574607775338987e-02 1.790654133178909771e-02
-7.793481057026608871e-01 -6.214302417481605278e-01 8.025574607775338987e-02 1.790654133178909771e-02
-7.793481057026608871e-01 6.214302417481605278e-01 -8.025574607775338987e-02 1.790654133178909771e-02
8.025574607775338987e-02 7.793481057026608871e-01 6.214302417481605278e-01 1.790654133178909771e-02
8.025574607775338987e-02 -7.793481057026608871e-01 6.214302417481605278e-01 1.790654133178909771e-02
-8.025574607775338987e-02 -7.793481057026608871e-01 6.214302417481605278e-01 1.790654133178909771e-02
-8.025574607775338987e-02 7.793481057026608871e-01 -6.214302417481605278e-01 1.790654133178909771e-02
6.214302417481605278e-01 7.793481057026608871e-01 8.025574607775338987e-02 1.790654133178909771e-02
6.214302417481605278e-01 -7.793481057026608871e-01 8.025574607775338987e-02 1.790654133178909771e-02
-6.214302417481605278e-01 -7.793481057026608871e-01 8.025574607775338987e-02 1.790654133178909771e-02
-6.214302417481605278e-01 7.793481057026608871e-01 -8.025574607775338987e-02 1.790654133178909771e-02
1.467999527896572121e-01 3.245284345717394103e-01 9.344148270524021971e-01 1.585276984465825920e-02
1.467999527896572121e-01 -3.245284345717394103e-01 9.344148270524021971e-01 1.585276984465825920e-02
-1.467999527896572121e-01 -3.245284345717394103e-01 9.344148270524021971e-01 1.585276984465825920e-02
-1.467999527896572121e-01 3.245284345717394103e-01 -9.344148270524021971e-01 1.585276984465825920e-02
3.245284345717394103e-01 1.467999527896572121e-01 9.344148270524021971e-01 1.585276984465825920e-02
3.245284345717394103e-01 -1.467999527896572121e-01 9.344148270524021971e-01 1.585276984465825920e-02
-3.245284345717394103e-01 -1.467999527896572121e-01 9.344148270524021971e-01 1.585276984465825920e-02
-3.245284345717394103e-01 1.467999527896572121e-01 -9.344148270524021971e-01 1.585276984465825920e-02
9.344148270524021971e-01 1.467999527896572121e-01 3.245284345717394103e-01 1.585276984465825920e-02
9.344148270524021971e-01 -1.467999527896572121e-01 3.245284345717394103e-01 1.585276984465825920e-02
-9.344148270524021971e-01 -1.467999527896572121e-01 3.245284345717394103e-01 1.585276984465825920e-02
-9.344148270524021971e-01 1.467999527896572121e-01 -3.245284345717394103e-01 1.585276984465825920e-02
9.344148270524021971e-01 3.245284345717394103e-01 1.467999527896572121e-01 1.585276984465825920e-02
9.344148270524021971e-01 -3.245284345717394103e-01 1.467999527896572121e-01 1.585276984465825920e-02
-9.344148270524021971e-01 -3.245284345717394103e-01 1.467999527896572121e-01 1.585276984465825920e-02
-9.344148270524021971e-01 3.245284345717394103e-01 -1.467999527896572121e-01 1.585276984465825920e-02
1.467999527896572121e-01 9.344148270524021971e-01 3.245284345717394103e-01 1.585276984465825920e-02
1.467999527896572121e-01 -9.344148270524021971e-01 3.245284345717394103e-01 1.585276984465825920e-02
-1.467999527896572121e-01 -9.344148270524021971e-01 3.245284345717394103e-01 1.585276984465825920e-02
-1.467999527896572121e-01 9.344148270524021971e-01 -3.245284345717394103e-01 1.585276984465825920e-02
3.245284345717394103e-01 9.344148270524021971e-01 1.467999527896572121e-01 1.585276984465825920e-02
3.245284345717394103e-01 -9.344148270524021971e-01 1.467999527896572121e-01 1.585276984465825920e-02
-3.245284345717394103e-01 -9.344148270524021971e-01 1.467999527896572121e-01 1.585276984465825920e-02
-3.245284345717394103e-01 9.344148270524021971e-01 -1.467999527896572121e-01 1.585276984465825920e-02
1.571507769824727063e-01 5.224482189696629808e-01 8.380641334583124324e-01 1.749926303261150479e-02
1.571507769824727063e-01 -5.224482189696629808e-01 8.380641334583124324e-01 1.749926303261150479e-02
-1.571507769824727063e-01 -5.224482189696629808e-01 8.380641334583124324e-01 1.749926303261150479e-02
-1.571507769824727063e-01 5.224482189696629808e-01 -8.380641334583124324e-01 1.749926303261150479e-02
5.224482189696629808e-01 1.571507769824727063e-01 8.380641334583124324e-01 1.749926303261150479e-02
5.224482189696629808e-01 -1.571507769824727063e-01 8.380641334583124324e-01 1.749926303261150479e-02
-5.224482189696629808e-01 -1.571507769824727063e-01 8.380641334583124324e-01 1.749926303261150479e-02
-5.224482189696629808e-01 1.571507769824727063e-01 -8.380641334583124324e-01 1.749926303261150479e-02
8.380641334583124324e-01 1.571507769824727063e-01 5.224482189696629808e-01 1.749926303261150479e-02
8.380641334583124324e-01 -1.571507769824727063e-01 5.224482189696629808e-01 1.749926303261150479e-02
-8.380641334583124324e-01 -1.571507769824727063e-01 5.224482189696629808e-01 1.749926303261150479e-02
-8.380641334583124324e-01 1.571507769824727063e-01 -5.224482189696629808e-01 1.749926303261150479e-02
8.380641334583124324e-01 5.224482189696629808e-01 1.571507769824727063e-01 1.749926303261150479e-02
8.380641334583124324e-01 -5.224482189696629808e-01 1.571507769824727063e-01 1.749926303261150479e-02
-8.380641334583124324e-01 -5.224482189696629808e-01 1.571507769824727063e-01 1.749926303261150479e-02
-8.380641334583124324e-01 5.224482189696629808e-01 -1.571507769824727063e-01 1.749926303261150479e-02
1.571507769824727063e-01 8.380641334583124324e-01 5.224482189696629808e-01 1.749926303261150479e-02
1.571507769824727063e-01 -8.380641334583124324e-01 5.224482189696629808e-01 1.749926303261150479e-02
-1.571507769824727063e-01 -8.380641334583124324e-01 5.224482189696629808e-01 1.749926303261150479e-02
-1.571507769824727063e-01 8.380641334583124324e-01 -5.224482189696629808e-01 1.749926303261150479e-02
5.224482189696629808e-01 8.380641334583124324e-01 1.571507769824727063e-01 1.749926303261150479e-02
5.224482189696629808e-01 -8.380641334583124324e-01 1.571507769824727063e-01 1.749926303261150479e-02
-5.224482189696629808e-01 -8.380641334583124324e-01 1.571507769824727063e-01 1.749926303261150479e-02
-5.224482189696629808e-01 8.380641334583124324e-01 -1.571507769824727063e-01 1.749926303261150479e-02
2.365702993157245970e-01 6.017546634089557811e-01 7.628406246046698369e-01 1.782868505766069256e-02
2.365702993157245970e-01 -6.017546634089557811e-01 7.628406246046698369e-01 1.782868505766069256e-02
-2.365702993157245970e-01 -6.017546634089557811e-01 7.628406246046698369e-01 1.782868505766069256e-02
-2.365702993157245970e-01 6.017546634089557811e-01 -7.628406246046698369e-01 1.782868505766069256e-02
6.017546634089557811e-01 2.365702993157245970e-01 7.628406246046698369e-01 1.782868505766069256e-02
6.017546634089557811e-01 -2.365702993157245970e-01 7.628406246046698369e-01 1.782868505766069256e-02
-6.017546634089557811e-01 -2.365702993157245970e-01 7.628406246046698369e-01 1.782868505766069256e-02
-6.017546634089557811e-01 2.365702993157245970e-01 -7.628406246046698369e-01 1.782868505766069256e-02
7.628406246046698369e-01 2.365702993157245970e-01 6.017546634089557811e-01 1.782868505766069256e-02
7.628406246046698369e-01 -2.365702993157245970e-01 6.017546634089557811e-01 1.782868505766069256e-02
-7.628406246046698369e-01 -2.365702993157245970e-01 6.017546634089557811e-01 1.782868505766069256e-02
-7.628406246046698369e-01 2.365702993157245970e-01 -6.017546634089557811e-01 1.782868505766069256e-02
7.628406246046698369e-01 6.017546634089557811e-01 2.365702993157245970e-01 1.782868505766069256e-02
7.628406246046698369e-01 -6.017546634089557811e-01 2.365702993157245970e-01 1.782868505766069256e-02
-7.628406246046698369e-01 -6.017546634089557811e-01 2.365702993157245970e-01 1.782868505766069256e-02
-7.628406246046698369e-01 6.017546634089557811e-01 -2.365702993157245970e-01 1.782868505766069256e-02
2.365702993157245970e-01 7.628406246046698369e-01 6.017546634089557811e-01 1.782868505766069256e-02
2.365702993157245970e-01 -7.628406246046698369e-01 6.017546634089557811e-01 1.782868505766069256e-02
-2.365702993157245970e-01 -7.628406246046698369e-01 6.017546634089557811e-01 1.782868505766069256e-02
-2.365702993157245970e-01 7.628406246046698369e-01 -6.017546634089557811e-01 1.782868505766069256e-02
6.017546634089557811e-01 7.628406246046698369e-01 2.365702993157245970e-01 1.782868505766069256e-02
6.017546634089557811e-01 -7.628406246046698369e-01 2.365702993157245970e-01 1.782868505766069256e-02
-6.017546634089557811e-01 -7.628406246046698369e-01 2.365702993157245970e-01 1.782868505766069256e-02
-6.017546634089557811e-01 7.628406246046698369e-01 -2.365702993157245970e-01 1.782868505766069256e-02
7.714815866765732666e-02 4.346575516141162887e-01 8.972853361328333444e-01 1.681841177508118165e-02
7.714815866765732666e-02 -4.346575516141162887e-01 8.972853361328333444e-01 1.681841177508118165e-02
-7.714815866765732666e-02 -4.346575516141162887e-01 8.972853361328333444e-01 1.681841177508118165e-02
-7.714815866765732666e-02 4.346575516141162887e-01 -8.972853361328333444e-01 1.681841177508118165e-02
4.346575516141162887e-01 7.714815866765732666e-02 8.972853361328333444e-01 1.681841177508118165e-02
4.346575516141162887e-01 -7.714815866765732666e-02 8.972853361328333444e-01 1.681841177508118165e-02
-4.346575516141162887e-01 -7.714815866765732666e-02 8.972853361328333444e-01 1.681841177508118165e-02
-4.346575516141162887e-01 7.714815866765732666e-02 -8.972853361328333444e-01 1.681841177508118165e-02
8.972853361328333444e-01 7.714815866765732666e-02 4.346575516141162887e-01 1.681841177508118165e-02
8.972853361328333444e-01 -7.714815866765732666e-02 4.346575516141162887e-01 1.681841177508118165e-02
-8.972853361328333444e-01 -7.714815866765732666e-02 4.346575516141162887e-01 1.681841177508118165e-02
-8.972853361328333444e-01 7.714815866765732666e-02 -4.346575516141162887e-01 1.681841177508118165e-02
8.972853361328333444e-01 4.346575516141162887e-01 7.714815866765732666e-02 1.681841177508118165e-02
8.972853361328333444e-01 -4.346575516141162887e-01 7.714815866765732666e-02 1.681841177508118165e-02
-8.972853361328333444e-01 -4.346575516141162887e-01 7.714815866765732666e-02 1.681841177508118165e-02
-8.972853361328333444e-01 4.346575516141162887e-01 -7.714815866765732666e-02 1.681841177508118165e-02
7.714815866765732666e-02 8.972853361328333444e-01 4.346575516141162887e-01 1.681841177508118165e-02
7.714815866765732666e-02 -8.972853361328333444e-01 4.346575516141162887e-01 1.681841177508118165e-02
-7.714815866765732666e-02 -8.972853361328333444e-01 4.346575516141162887e-01 1.681841177508118165e-02
-7.714815866765732666e-02 8.972853361328333444e-01 -4.346575516141162887e-01 1.681841177508118165e-02
4.346575516141162887e-01 8.972853361328333444e-01 7.714815866765732666e-02 1.681841177508118165e-02
4.346575516141162887e-01 -8.972853361328333444e-01 7.714815866765732666e-02 1.681841177508118165e-02
-4.346575516141162887e-01 -8.972853361328333444e-01 7.714815866765732666e-02 1.681841177508118165e-02
-4.346575516141162887e-01 8.972853361328333444e-01 -7.714815866765732666e-02 1.681841177508118165e-02
3.062936666210729908e-01 4.908826589037615928e-01 8.156092232039754419e-01 1.751376156594035977e-02
3.062936666210729908e-01 -4.908826589037615928e-01 8.156092232039754419e-01 1.751376156594035977e-02
-3.062936666210729908e-01 -4.908826589037615928e-01 8.156092232039754419e-01 1.751376156594035977e-02
-3.062936666210729908e-01 4.908826589037615928e-01 -8.156092232039754419e-01 1.751376156594035977e-02
4.908826589037615928e-01 3.062936666210729908e-01 8.156092232039754419e-01 1.751376156594035977e-02
4.908826589037615928e-01 -3.062936666210729908e-01 8.156092232039754419e-01 1.751376156594035977e-02
-4.908826589037615928e-01 -3.062936666210729908e-01 8.156092232039754419e-01 1.751376156594035977e-02
-4.908826589037615928e-01 3.062936666210729908e-01 -8.156092232039754419e-01 1.751376156594035977e-02
8.156092232039754419e-01 3.062936666210729908e-01 4.908826589037615928e-01 1.751376156594035977e-02
8.156092232039754419e-01 -3.062936666210729908e-01 4.908826589037615928e-01 1.751376156594035977e-02
-8.156092232039754419e-01 -3.062936666210729908e-01 4.908826589037615928e-01 1.751376156594035977e-02
-8.156092232039754419e-01 3.062936666210729908e-01 -4.908826589037615928e-01 1.751376156594035977e-02
8.156092232039754419e-01 4.908826589037615928e-01 3.062936666210729908e-01 1.751376156594035977e-02
8.156092232039754419e-01 -4.908826589037615928e-01 3.062936666210729908e-01 1.751376156594035977e-02
-8.156092232039754419e-01 -4.908826589037615928e-01 3.062936666210729908e-01 1.751376156594035977e-02
-8.156092232039754419e-01 4.908826589037615928e-01 -3.062936666210729908e-01 1.751376156594035977e-02
3.062936666210729908e-01 8.156092232039754419e-01 4.908826589037615928e-01 1.751376156594035977e-02
3.062936666210729908e-01 -8.156092232039754419e-01 4.908826589037615928e-01 1.751376156594035977e-02
-3.062936666210729908e-01 -8.156092232039754419e-01 4.908826589037615928e-01 1.751376156594035977e-02
-3.062936666210729908e-01 8.156092232039754419e-01 -4.908826589037615928e-01 1.751376156594035977e-02
4.908826589037615928e-01 8.156092232039754419e-01 3.062936666210729908e-01 1.751376156594035977e-02
4.908826589037615928e-01 -8.156092232039754419e-01 3.062936666210729908e-01 1.751376156594035977e-02
-4.908826589037615928e-01 -8.156092232039754419e-01 3.062936666210729908e-01 1.751376156594035977e-02
-4.908826589037615928e-01 8.156092232039754419e-01 -3.062936666210729908e-01 1.751376156594035977e-02
3.822477379524786834e-01 5.648768149099500091e-01 7.313007936597657466e-01 1.779290960066994692e-02
3.822477379524786834e-01 -5.648768149099500091e-01 7.313007936597657466e-01 1.779290960066994692e-02
-3.822477379524786834e-01 -5.648768149099500091e-01 7.313007936597657466e-01 1.779290960066994692e-02
-3.822477379524786834e-01 5.648768149099500091e-01 -7.313007936597657466e-01 1.779290960066994692e-02
5.648768149099500091e-01 3.822477379524786834e-01 7.313007936597657466e-01 1.779290960066994692e-02
5.648768149099500091e-01 -3.822477379524786834e-01 7.313007936597657466e-01 1.779290960066994692e-02
-5.648768149099500091e-01 -3.822477379524786834e-01 7.313007936597657466e-01 1.779290960066994692e-02
-5.648768149099500091e-01 3.822477379524786834e-01 -7.313007936597657466e-01 1.779290960066994692e-02
7.313007936597657466e-01 3.822477379524786834e-01 5.648768149099500091e-01 1.779290960066994692e-02
7.313007936597657466e-01 -3.822477379524786834e-01 5.648768149099500091e-01 1.779290960066994692e-02
-7.313007936597657466e-01 -3.822477379524786834e-01 5.648768149099500091e-01 1.779290960066994692e-02
-7.313007936597657466e-01 3.822477379524786834e-01 -5.648768149099500091e-01 1.779290960066994692e-02
7.313007936597657466e-01 5.648768149099500091e-01 3.822477379524786834e-01 1.779290960066994692e-02
7.313007936597657466e-01 -5.648768149099500091e-01 3.822477379524786834e-01 1.779290960066994692e-02
-7.313007936597657466e-01 -5.648768149099500091e-01 3.822477379524786834e-01 1.779290960066994692e-02
-7.313007936597657466e-01 5.648768149099500091e-01 -3.822477379524786834e-01 1.779290960066994692e-02
3.822477379524786834e-01 7.313007936597657466e-01 5.648768149099500091e-01 1.779290960066994692e-02
3.822477379524786834e-01 -7.313007936597657466e-01 5.648768149099500091e-01 1.779290960066994692e-02
-3.822477379524786834e-01 -7.313007936597657466e-01 5.648768149099500091e-01 1.779290960066994692e-02
-3.822477379524786834e-01 7.313007936597657466e-01 -5.648768149099500091e-01 1.779290960066994692e-02
5.648768149099500091e-01 7.313007936597657466e-01 3.822477379524786834e-01 1.779290960066994692e-02
5.648768149099500091e-01 -7.313007936597657466e-01 3.822477379524786834e-01 1.779290960066994692e-02
-5.648768149099500091e-01 -7.313007936597657466e-01 3.822477379524786834e-01 1.779290960066994692e-02
-5.648768149099500091e-01 7.313007936597657466e-01 -3.822477379524786834e-01 1.779290960066994692e-02
