1.000000000000000000e+00 0.000000000000000000e+00 0.000000000000000000e+00 7.928185345494622414e-04
0.000000000000000000e+00 1.000000000000000000e+00 0.000000000000000000e+00 7.928185345494622414e-04
0.000000000000000000e+00 0.000000000000000000e+00 1.000000000000000000e+00 7.928185345494622414e-04
0.000000000000000000e+00 7.071067811865475727e-01 7.071067811865475727e-01 8.040325460551238715e-03
0.000000000000000000e+00 7.071067811865475727e-01 -7.071067811865475727e-01 8.040325460551238715e-03
7.071067811865475727e-01 0.000000000000000000e+00 7.071067811865475727e-01 8.040325460551238715e-03
-7.071067811865475727e-01 0.000000000000000000e+00 7.071067811865475727e-01 8.040325460551238715e-03
7.071067811865475727e-01 7.071067811865475727e-01 0.000000000000000000e+00 8.040325460551238715e-03
7.071067811865475727e-01 -7.071067811865475727e-01 0.000000000000000000e+00 8.040325460551238715e-03
5.773502691896257311e-01 5.773502691896257311e-01 5.773502691896257311e-01 7.988674369805919689e-03
5.773502691896257311e-01 -5.773502691896257311e-01 5.773502691896257311e-01 7.988674369805919689e-03
-5.773502691896257311e-01 -5.773502691896257311e-01 5.773502691896257311e-01 7.988674369805919689e-03
-5.773502691896257311e-01 5.773502691896257311e-01 -5.773502691896257311e-01 7.988674369805919689e-03
2.860923126194661950e-02 2.860923126194661950e-02 9.991811766507618930e-01 2.791251241132552529e-03
2.860923126194661950e-02 -2.860923126194661950e-02 9.991811766507618930e-01 2.791251241132552529e-03
-2.860923126194661950e-02 -2.860923126194661950e-02 9.991811766507618930e-01 2.791251241132552529e-03
2.860923126194661950e-02 -2.860923126194661950e-02 -9.991811766507618930e-01 2.791251241132552529e-03
-2.860923126194661950e-02 9.991811766507618930e-01 2.860923126194661950e-02 2.791251241132552529e-03
2.860923126194661950e-02 9.991811766507618930e-01 -2.860923126194661950e-02 2.791251241132552529e-03
-2.860923126194661950e-02 9.991811766507618930e-01 -2.860923126194661950e-02 2.791251241132552529e-03
-2.860923126194661950e-02 -9.991811766507618930e-01 -2.860923126194661950e-02 2.791251241132552529e-03
9.991811766507618930e-01 2.860923126194661950e-02 2.860923126194661950e-02 2.791251241132552529e-03
9.991811766507618930e-01 -2.860923126194661950e-02 2.860923126194661950e-02 2.791251241132552529e-03
-9.991811766507618930e-01 -2.860923126194661950e-02 2.860923126194661950e-02 2.791251241132552529e-03
9.991811766507618930e-01 -2.860923126194661950e-02 -2.860923126194661950e-02 2.791251241132552529e-03
7.142556767711522037e-02 7.142556767711522037e-02 9.948853082461333042e-01 4.367799019952457555e-03
7.142556767711522037e-02 -7.142556767711522037e-02 9.948853082461333042e-01 4.367799019952457555e-03
-7.142556767711522037e-02 -7.142556767711522037e-02 9.948853082461333042e-01 4.367799019952457555e-03
7.142556767711522037e-02 -7.142556767711522037e-02 -9.948853082461333042e-01 4.367799019952457555e-03
-7.142556767711522037e-02 9.948853082461333042e-01 7.142556767711522037e-02 4.367799019952457555e-03
7.142556767711522037e-02 9.948853082461333042e-01 -7.142556767711522037e-02 4.367799019952457555e-03
-7.142556767711522037e-02 9.948853082461333042e-01 -7.142556767711522037e-02 4.367799019952457555e-03
-7.142556767711522037e-02 -9.948853082461333042e-01 -7.142556767711522037e-02 4.367799019952457555e-03
9.948853082461333042e-01 7.142556767711522037e-02 7.142556767711522037e-02 4.367799019952457555e-03
9.948853082461333042e-01 -7.142556767711522037e-02 7.142556767711522037e-02 4.367799019952457555e-03
-9.948853082461333042e-01 -7.142556767711522037e-02 7.142556767711522037e-02 4.367799019952457555e-03
9.948853082461333042e-01 -7.142556767711522037e-02 -7.142556767711522037e-02 4.367799019952457555e-03
1.209199540995559014e-01 1.209199540995559014e-01 9.852698764303730039e-01 5.467304199377213611e-03
1.209199540995559014e-01 -1.209199540995559014e-01 9.852698764303730039e-01 5.467304199377213611e-03
-1.209199540995559014e-01 -1.209199540995559014e-01 9.852698764303730039e-01 5.467304199377213611e-03
1.209199540995559014e-01 -1.209199540995559014e-01 -9.852698764303730039e-01 5.467304199377213611e-03
-1.209199540995559014e-01 9.852698764303730039e-01 1.209199540995559014e-01 5.467304199377213611e-03
1.209199540995559014e-01 9.852698764303730039e-01 -1.209199540995559014e-01 5.467304199377213611e-03
-1.209199540995559014e-01 9.852698764303730039e-01 -1.209199540995559014e-01 5.467304199377213611e-03
-1.209199540995559014e-01 -9.852698764303730039e-01 -1.209199540995559014e-01 5.467304199377213611e-03
9.852698764303730039e-01 1.209199540995559014e-01 1.209199540995559014e-01 5.467304199377213611e-03
9.852698764303730039e-01 -1.209199540995559014e-01 1.209199540995559014e-01 5.467304199377213611e-03
-9.852698764303730039e-01 -1.209199540995559014e-01 1.209199540995559014e-01 5.467304199377213611e-03
9.852698764303730039e-01 -1.209199540995559014e-01 -1.209199540995559014e-01 5.467304199377213611e-03
1.738673106594378903e-01 1.738673106594378903e-01 9.692988788645682252e-01 6.256254489874717335e-03
1.738673106594378903e-01 -1.738673106594378903e-01 9.692988788645682252e-01 6.256254489874717335e-03
-1.738673106594378903e-01 -1.738673106594378903e-01 9.692988788645682252e-01 6.256254489874717335e-03
1.738673106594378903e-01 -1.738673106594378903e-01 -9.692988788645682252e-01 6.256254489874717335e-03
-1.738673106594378903e-01 9.692988788645682252e-01 1.738673106594378903e-01 6.256254489874717335e-03
1.738673106594378903e-01 9.692988788645682252e-01 -1.738673106594378903e-01 6.256254489874717335e-03
-1.738673106594378903e-01 9.692988788645682252e-01 -1.738673106594378903e-01 6.256254489874717335e-03
-1.738673106594378903e-01 -9.692988788645682252e-01 -1.738673106594378903e-01 6.256254489874717335e-03
9.692988788645682252e-01 1.738673106594378903e-01 1.738673106594378903e-01 6.256254489874717335e-03
9.692988788645682252e-01 -1.738673106594378903e-01 1.738673106594378903e-01 6.256254489874717335e-03
-9.692988788645682252e-01 -1.738673106594378903e-01 1.738673106594378903e-01 6.256254489874717335e-03
9.692988788645682252e-01 -1.738673106594378903e-01 -1.738673106594378903e-01 6.256254489874717335e-03
2.284645438467733936e-01 2.284645438467733936e-01 9.463656293472262337e-01 6.829867946809403331e-03
2.284645438467733936e-01 -2.284645438467733936e-01 9.463656293472262337e-01 6.829867946809403331e-03
-2.284645438467733936e-01 -2.284645438467733936e-01 9.463656293472262337e-01 6.829867946809403331e-03
2.284645438467733936e-01 -2.284645438467733936e-01 -9.463656293472262337e-01 6.829867946809403331e-03
-2.284645438467733936e-01 9.463656293472262337e-01 2.284645438467733936e-01 6.829867946809403331e-03
2.284645438467733936e-01 9.463656293472262337e-01 -2.284645438467733936e-01 6.829867946809403331e-03
-2.284645438467733936e-01 9.463656293472262337e-01 -2.284645438467733936e-01 6.829867946809403331e-03
-2.284645438467733936e-01 -9.463656293472262337e-01 -2.284645438467733936e-01 6.829867946809403331e-03
9.463656293472262337e-01 2.284645438467733936e-01 2.284645438467733936e-01 6.829867946809403331e-03
9.463656293472262337e-01 -2.284645438467733936e-01 2.284645438467733936e-01 6.829867946809403331e-03
-9.463656293472262337e-01 -2.284645438467733936e-01 2.284645438467733936e-01 6.829867946809403331e-03
9.463656293472262337e-01 -2.284645438467733936e-01 -2.284645438467733936e-01 6.829867946809403331e-03
2.834807671701511933e-01 2.834807671701511933e-01 9.161207940491499224e-01 7.245660456666218850e-03
2.834807671701511933e-01 -2.834807671701511933e-01 9.161207940491499224e-01 7.245660456666218850e-03
-2.834807671701511933e-01 -2.834807671701511933e-01 9.161207940491499224e-01 7.245660456666218850e-03
2.834807671701511933e-01 -2.834807671701511933e-01 -9.161207940491499224e-01 7.245660456666218850e-03
-2.834807671701511933e-01 9.161207940491499224e-01 2.834807671701511933e-01 7.245660456666218850e-03
2.834807671701511933e-01 9.161207940491499224e-01 -2.834807671701511933e-01 7.245660456666218850e-03
-2.834807671701511933e-01 9.161207940491499224e-01 -2.834807671701511933e-01 7.245660456666218850e-03
-2.834807671701511933e-01 -9.161207940491499224e-01 -2.834807671701511933e-01 7.245660456666218850e-03
9.161207940491499224e-01 2.834807671701511933e-01 2.834807671701511933e-01 7.245660456666218850e-03
9.161207940491499224e-01 -2.834807671701511933e-01 2.834807671701511933e-01 7.245660456666218850e-03
-9.161207940491499224e-01 -2.834807671701511933e-01 2.834807671701511933e-01 7.245660456666218850e-03
9.161207940491499224e-01 -2.834807671701511933e-01 -2.834807671701511933e-01 7.245660456666218850e-03
3.379680145467339192e-01 3.379680145467339192e-01 8.783821732518695136e-01 7.541330784505934776e-03
3.379680145467339192e-01 -3.379680145467339192e-01 8.783821732518695136e-01 7.541330784505934776e-03
-3.379680145467339192e-01 -3.379680145467339192e-01 8.783821732518695136e-01 7.541330784505934776e-03
3.379680145467339192e-01 -3.379680145467339192e-01 -8.783821732518695136e-01 7.541330784505934776e-03
-3.379680145467339192e-01 8.783821732518695136e-01 3.379680145467339192e-01 7.541330784505934776e-03
3.379680145467339192e-01 8.783821732518695136e-01 -3.379680145467339192e-01 7.541330784505934776e-03
-3.379680145467339192e-01 8.783821732518695136e-01 -3.379680145467339192e-01 7.541330784505934776e-03
-3.379680145467339192e-01 -8.783821732518695136e-01 -3.379680145467339192e-01 7.541330784505934776e-03
8.783821732518695136e-01 3.379680145467339192e-01 3.379680145467339192e-01 7.541330784505934776e-03
8.783821732518695136e-01 -3.379680145467339192e-01 3.379680145467339192e-01 7.541330784505934776e-03
-8.783821732518695136e-01 -3.379680145467339192e-01 3.379680145467339192e-01 7.541330784505934776e-03
8.783821732518695136e-01 -3.379680145467339192e-01 -3.379680145467339192e-01 7.541330784505934776e-03
3.911355454819536726e-01 3.911355454819536726e-01 8.330822109018227728e-01 7.743621471008284469e-03
3.911355454819536726e-01 -3.911355454819536726e-01 8.330822109018227728e-01 7.743621471008284469e-03
-3.911355454819536726e-01 -3.911355454819536726e-01 8.330822109018227728e-01 7.743621471008284469e-03
3.911355454819536726e-01 -3.911355454819536726e-01 -8.330822109018227728e-01 7.743621471008284469e-03
-3.911355454819536726e-01 8.330822109018227728e-01 3.911355454819536726e-01 7.743621471008284469e-03
3.911355454819536726e-01 8.330822109018227728e-01 -3.911355454819536726e-01 7.743621471008284469e-03
-3.911355454819536726e-01 8.330822109018227728e-01 -3.911355454819536726e-01 7.743621471008284469e-03
-3.911355454819536726e-01 -8.330822109018227728e-01 -3.911355454819536726e-01 7.743621471008284469e-03
8.330822109018227728e-01 3.911355454819536726e-01 3.911355454819536726e-01 7.743621471008284469e-03
8.330822109018227728e-01 -3.911355454819536726e-01 3.911355454819536726e-01 7.743621471008284469e-03
-8.330822109018227728e-01 -3.911355454819536726e-01 3.911355454819536726e-01 7.743621471008284469e-03
8.330822109018227728e-01 -3.911355454819536726e-01 -3.911355454819536726e-01 7.743621471008284469e-03
4.422860353001403233e-01 4.422860353001403233e-01 7.802346608277320739e-01 7.873105328335263525e-03
4.422860353001403233e-01 -4.422860353001403233e-01 7.802346608277320739e-01 7.873105328335263525e-03
-4.422860353001403233e-01 -4.422860353001403233e-01 7.802346608277320739e-01 7.873105328335263525e-03
4.422860353001403233e-01 -4.422860353001403233e-01 -7.802346608277320739e-01 7.873105328335263525e-03
-4.422860353001403233e-01 7.802346608277320739e-01 4.422860353001403233e-01 7.873105328335263525e-03
4.422860353001403233e-01 7.802346608277320739e-01 -4.422860353001403233e-01 7.873105328335263525e-03
-4.422860353001403233e-01 7.802346608277320739e-01 -4.422860353001403233e-01 7.873105328335263525e-03
-4.422860353001403233e-01 -7.802346608277320739e-01 -4.422860353001403233e-01 7.873105328335263525e-03
7.802346608277320739e-01 4.422860353001403233e-01 4.422860353001403233e-01 7.873105328335263525e-03
7.802346608277320739e-01 -4.422860353001403233e-01 4.422860353001403233e-01 7.873105328335263525e-03
-7.802346608277320739e-01 -4.422860353001403233e-01 4.422860353001403233e-01 7.873105328335263525e-03
7.802346608277320739e-01 -4.422860353001403233e-01 -4.422860353001403233e-01 7.873105328335263525e-03
4.907781568726056753e-01 4.907781568726056753e-01 7.199122178942763961e-01 7.946956642525102379e-03
4.907781568726056753e-01 -4.907781568726056753e-01 7.199122178942763961e-01 7.946956642525102379e-03
-4.907781568726056753e-01 -4.907781568726056753e-01 7.199122178942763961e-01 7.946956642525102379e-03
4.907781568726056753e-01 -4.907781568726056753e-01 -7.199122178942763961e-01 7.946956642525102379e-03
-4.907781568726056753e-01 7.199122178942763961e-01 4.907781568726056753e-01 7.946956642525102379e-03
4.907781568726056753e-01 7.199122178942763961e-01 -4.907781568726056753e-01 7.946956642525102379e-03
-4.907781568726056753e-01 7.199122178942763961e-01 -4.907781568726056753e-01 7.946956642525102379e-03
-4.907781568726056753e-01 -7.199122178942763961e-01 -4.907781568726056753e-01 7.946956642525102379e-03
7.199122178942763961e-01 4.907781568726056753e-01 4.907781568726056753e-01 7.946956642525102379e-03
7.199122178942763961e-01 -4.907781568726056753e-01 4.907781568726056753e-01 7.946956642525102379e-03
-7.199122178942763961e-01 -4.907781568726056753e-01 4.907781568726056753e-01 7.946956642525102379e-03
7.199122178942763961e-01 -4.907781568726056753e-01 -4.907781568726056753e-01 7.946956642525102379e-03
5.360006153211468449e-01 5.360006153211468449e-01 6.522320758370473426e-01 7.980610250821635124e-03
5.360006153211468449e-01 -5.360006153211468449e-01 6.522320758370473426e-01 7.980610250821635124e-03
-5.360006153211468449e-01 -5.360006153211468449e-01 6.522320758370473426e-01 7.980610250821635124e-03
5.360006153211468449e-01 -5.360006153211468449e-01 -6.522320758370473426e-01 7.980610250821635124e-03
-5.360006153211468449e-01 6.522320758370473426e-01 5.360006153211468449e-01 7.980610250821635124e-03
5.360006153211468449e-01 6.522320758370473426e-01 -5.360006153211468449e-01 7.980610250821635124e-03
-5.360006153211468449e-01 6.522320758370473426e-01 -5.360006153211468449e-01 7.980610250821635124e-03
-5.360006153211468449e-01 -6.522320758370473426e-01 -5.360006153211468449e-01 7.980610250821635124e-03
6.522320758370473426e-01 5.360006153211468449e-01 5.360006153211468449e-01 7.980610250821635124e-03
6.522320758370473426e-01 -5.360006153211468449e-01 5.360006153211468449e-01 7.980610250821635124e-03
-6.522320758370473426e-01 -5.360006153211468449e-01 5.360006153211468449e-01 7.980610250821635124e-03
6.522320758370473426e-01 -5.360006153211468449e-01 -5.360006153211468449e-01 7.980610250821635124e-03
6.142105973596603263e-01 6.142105973596603263e-01 4.954701647750129334e-01 7.985127765247136342e-03
6.142105973596603263e-01 -6.142105973596603263e-01 4.954701647750129334e-01 7.985127765247136342e-03
-6.142105973596603263e-01 -6.142105973596603263e-01 4.954701647750129334e-01 7.985127765247136342e-03
6.142105973596603263e-01 -6.142105973596603263e-01 -4.954701647750129334e-01 7.985127765247136342e-03
-6.142105973596603263e-01 4.954701647750129334e-01 6.142105973596603263e-01 7.985127765247136342e-03
6.142105973596603263e-01 4.954701647750129334e-01 -6.142105973596603263e-01 7.985127765247136342e-03
-6.142105973596603263e-01 4.954701647750129334e-01 -6.142105973596603263e-01 7.985127765247136342e-03
-6.142105973596603263e-01 -4.954701647750129334e-01 -6.142105973596603263e-01 7.985127765247136342e-03
4.954701647750129334e-01 6.142105973596603263e-01 6.142105973596603263e-01 7.985127765247136342e-03
4.954701647750129334e-01 -6.142105973596603263e-01 6.142105973596603263e-01 7.985127765247136342e-03
-4.954701647750129334e-01 -6.142105973596603263e-01 6.142105973596603263e-01 7.985127765247136342e-03
4.954701647750129334e-01 -6.142105973596603263e-01 -6.142105973596603263e-01 7.985127765247136342e-03
6.459300387977503499e-01 6.459300387977503499e-01 4.068768486378568361e-01 7.982538700087304928e-03
6.459300387977503499e-01 -6.459300387977503499e-01 4.068768486378568361e-01 7.982538700087304928e-03
-6.459300387977503499e-01 -6.459300387977503499e-01 4.068768486378568361e-01 7.982538700087304928e-03
6.459300387977503499e-01 -6.459300387977503499e-01 -4.068768486378568361e-01 7.982538700087304928e-03
-6.459300387977503499e-01 4.068768486378568361e-01 6.459300387977503499e-01 7.982538700087304928e-03
6.459300387977503499e-01 4.068768486378568361e-01 -6.459300387977503499e-01 7.982538700087304928e-03
-6.459300387977503499e-01 4.068768486378568361e-01 -6.459300387977503499e-01 7.982538700087304928e-03
-6.459300387977503499e-01 -4.068768486378568361e-01 -6.459300387977503499e-01 7.982538700087304928e-03
4.068768486378568361e-01 6.459300387977503499e-01 6.459300387977503499e-01 7.982538700087304928e-03
4.068768486378568361e-01 -6.459300387977503499e-01 6.459300387977503499e-01 7.982538700087304928e-03
-4.068768486378568361e-01 -6.459300387977503499e-01 6.459300387977503499e-01 7.982538700087304928e-03
4.068768486378568361e-01 -6.459300387977503499e-01 -6.459300387977503499e-01 7.982538700087304928e-03
6.718056125089224562e-01 6.718056125089224562e-01 3.120167271205552262e-01 7.989846570768240064e-03
6.718056125089224562e-01 -6.718056125089224562e-01 3.120167271205552262e-01 7.989846570768240064e-03
-6.718056125089224562e-01 -6.718056125089224562e-01 3.120167271205552262e-01 7.989846570768240064e-03
6.718056125089224562e-01 -6.718056125089224562e-01 -3.120167271205552262e-01 7.989846570768240064e-03
-6.718056125089224562e-01 3.120167271205552262e-01 6.718056125089224562e-01 7.989846570768240064e-03
6.718056125089224562e-01 3.120167271205552262e-01 -6.718056125089224562e-01 7.989846570768240064e-03
-6.718056125089224562e-01 3.120167271205552262e-01 -6.718056125089224562e-01 7.989846570768240064e-03
-6.718056125089224562e-01 -3.120167271205552262e-01 -6.718056125089224562e-01 7.989846570768240064e-03
3.120167271205552262e-01 6.718056125089224562e-01 6.718056125089224562e-01 7.989846570768240064e-03
3.120167271205552262e-01 -6.718056125089224562e-01 6.718056125089224562e-01 7.989846570768240064e-03
-3.120167271205552262e-01 -6.718056125089224562e-01 6.718056125089224562e-01 7.989846570768240064e-03
3.120167271205552262e-01 -6.718056125089224562e-01 -6.718056125089224562e-01 7.989846570768240064e-03
6.910888533186253513e-01 6.910888533186253513e-01 2.116421357799412872e-01 8.008675654679876105e-03
6.910888533186253513e-01 -6.910888533186253513e-01 2.116421357799412872e-01 8.008675654679876105e-03
-6.910888533186253513e-01 -6.910888533186253513e-01 2.116421357799412872e-01 8.008675654679876105e-03
6.910888533186253513e-01 -6.910888533186253513e-01 -2.116421357799412872e-01 8.008675654679876105e-03
-6.910888533186253513e-01 2.116421357799412872e-01 6.910888533186253513e-01 8.008675654679876105e-03
6.910888533186253513e-01 2.116421357799412872e-01 -6.910888533186253513e-01 8.008675654679876105e-03
-6.910888533186253513e-01 2.116421357799412872e-01 -6.910888533186253513e-01 8.008675654679876105e-03
-6.910888533186253513e-01 -2.116421357799412872e-01 -6.910888533186253513e-01 8.008675654679876105e-03
2.116421357799412872e-01 6.910888533186253513e-01 6.910888533186253513e-01 8.008675654679876105e-03
2.116421357799412872e-01 -6.910888533186253513e-01 6.910888533186253513e-01 8.008675654679876105e-03
-2.116421357799412872e-01 -6.910888533186253513e-01 6.910888533186253513e-01 8.008675654679876105e-03
2.116421357799412872e-01 -6.910888533186253513e-01 -6.910888533186253513e-01 8.008675654679876105e-03
7.030467416823251714e-01 7.030467416823251714e-01 1.070072802183661548e-01 8.030449871329298911e-03
7.030467416823251714e-01 -7.030467416823251714e-01 1.070072802183661548e-01 8.030449871329298911e-03
-7.030467416823251714e-01 -7.030467416823251714e-01 1.070072802183661548e-01 8.030449871329298911e-03
7.030467416823251714e-01 -7.030467416823251714e-01 -1.070072802183661548e-01 8.030449871329298911e-03
-7.030467416823251714e-01 1.070072802183661548e-01 7.030467416823251714e-01 8.030449871329298911e-03
7.030467416823251714e-01 1.070072802183661548e-01 -7.030467416823251714e-01 8.030449871329298911e-03
-7.030467416823251714e-01 1.070072802183661548e-01 -7.030467416823251714e-01 8.030449871329298911e-03
-7.030467416823251714e-01 -1.070072802183661548e-01 -7.030467416823251714e-01 8.030449871329298911e-03
1.070072802183661548e-01 7.030467416823251714e-01 7.030467416823251714e-01 8.030449871329298911e-03
1.070072802183661548e-01 -7.030467416823251714e-01 7.030467416823251714e-01 8.030449871329298911e-03
-1.070072802183661548e-01 -7.030467416823251714e-01 7.030467416823251714e-01 8.030449871329298911e-03
1.070072802183661548e-01 -7.030467416823251714e-01 -7.030467416823251714e-01 8.030449871329298911e-03
8.354951166354646075e-02 9.965036272391500916e-01 0.000000000000000000e+00 4.004793552791466663e-03
8.354951166354646075e-02 -9.965036272391500916e-01 0.000000000000000000e+00 4.004793552791466663e-03
9.965036272391500916e-01 8.354951166354646075e-02 0.000000000000000000e+00 4.004793552791466663e-03
9.965036272391500916e-01 -8.354951166354646075e-02 0.000000000000000000e+00 4.004793552791466663e-03
8.354951166354646075e-02 0.000000000000000000e+00 9.965036272391500916e-01 4.004793552791466663e-03
8.354951166354646075e-02 0.000000000000000000e+00 -9.965036272391500916e-01 4.004793552791466663e-03
9.965036272391500916e-01 0.000000000000000000e+00 8.354951166354646075e-02 4.004793552791466663e-03
9.965036272391500916e-01 0.000000000000000000e+00 -8.354951166354646075e-02 4.004793552791466663e-03
0.000000000000000000e+00 8.354951166354646075e-02 9.965036272391500916e-01 4.004793552791466663e-03
0.000000000000000000e+00 8.354951166354646075e-02 -9.965036272391500916e-01 4.004793552791466663e-03
0.000000000000000000e+00 9.965036272391500916e-01 8.354951166354646075e-02 4.004793552791466663e-03
0.000000000000000000e+00 9.965036272391500916e-01 -8.354951166354646075e-02 4.004793552791466663e-03
2.050143009099485991e-01 9.787589776969634059e-01 0.000000000000000000e+00 5.878584061181987494e-03
2.050143009099485991e-01 -9.787589776969634059e-01 0.000000000000000000e+00 5.878584061181987494e-03
9.787589776969634059e-01 2.050143009099485991e-01 0.000000000000000000e+00 5.878584061181987494e-03
9.787589776969634059e-01 -2.050143009099485991e-01 0.000000000000000000e+00 5.878584061181987494e-03
2.050143009099485991e-01 0.000000000000000000e+00 9.787589776969634059e-01 5.878584061181987494e-03
2.050143009099485991e-01 0.000000000000000000e+00 -9.787589776969634059e-01 5.878584061181987494e-03
9.787589776969634059e-01 0.000000000000000000e+00 2.050143009099485991e-01 5.878584061181987494e-03
9.787589776969634059e-01 0.000000000000000000e+00 -2.050143009099485991e-01 5.878584061181987494e-03
0.000000000000000000e+00 2.050143009099485991e-01 9.787589776969634059e-01 5.878584061181987494e-03
0.000000000000000000e+00 2.050143009099485991e-01 -9.787589776969634059e-01 5.878584061181987494e-03
0.000000000000000000e+00 9.787589776969634059e-01 2.050143009099485991e-01 5.878584061181987494e-03
0.000000000000000000e+00 9.787589776969634059e-01 -2.050143009099485991e-01 5.878584061181987494e-03
3.370208290706637189e-01 9.414971910592843107e-01 0.000000000000000000e+00 6.960298674984327291e-03
3.370208290706637189e-01 -9.414971910592843107e-01 0.000000000000000000e+00 6.960298674984327291e-03
9.414971910592843107e-01 3.370208290706637189e-01 0.000000000000000000e+00 6.960298674984327291e-03
9.414971910592843107e-01 -3.370208290706637189e-01 0.000000000000000000e+00 6.960298674984327291e-03
3.370208290706637189e-01 0.000000000000000000e+00 9.414971910592843107e-01 6.960298674984327291e-03
3.370208290706637189e-01 0.000000000000000000e+00 -9.414971910592843107e-01 6.960298674984327291e-03
9.414971910592843107e-01 0.000000000000000000e+00 3.370208290706637189e-01 6.960298674984327291e-03
9.414971910592843107e-01 0.000000000000000000e+00 -3.370208290706637189e-01 6.960298674984327291e-03
0.000000000000000000e+00 3.370208290706637189e-01 9.414971910592843107e-01 6.960298674984327291e-03
0.000000000000000000e+00 3.370208290706637189e-01 -9.414971910592843107e-01 6.960298674984327291e-03
0.000000000000000000e+00 9.414971910592843107e-01 3.370208290706637189e-01 6.960298674984327291e-03
0.000000000000000000e+00 9.414971910592843107e-01 -3.370208290706637189e-01 6.960298674984327291e-03
4.689051484233963119e-01 8.832485277553723257e-01 0.000000000000000000e+00 7.595712441932039698e-03
4.689051484233963119e-01 -8.832485277553723257e-01 0.000000000000000000e+00 7.595712441932039698e-03
8.832485277553723257e-01 4.689051484233963119e-01 0.000000000000000000e+00 7.595712441932039698e-03
8.832485277553723257e-01 -4.689051484233963119e-01 0.000000000000000000e+00 7.595712441932039698e-03
4.689051484233963119e-01 0.000000000000000000e+00 8.832485277553723257e-01 7.595712441932039698e-03
4.689051484233963119e-01 0.000000000000000000e+00 -8.832485277553723257e-01 7.595712441932039698e-03
8.832485277553723257e-01 0.000000000000000000e+00 4.689051484233963119e-01 7.595712441932039698e-03
8.832485277553723257e-01 0.000000000000000000e+00 -4.689051484233963119e-01 7.595712441932039698e-03
0.000000000000000000e+00 4.689051484233963119e-01 8.832485277553723257e-01 7.595712441932039698e-03
0.000000000000000000e+00 4.689051484233963119e-01 -8.832485277553723257e-01 7.595712441932039698e-03
0.000000000000000000e+00 8.832485277553723257e-01 4.689051484233963119e-01 7.595712441932039698e-03
0.000000000000000000e+00 8.832485277553723257e-01 -4.689051484233963119e-01 7.595712441932039698e-03
5.939400424557333968e-01 8.045093075705722629e-01 0.000000000000000000e+00 7.933872465228532581e-03
5.939400424557333968e-01 -8.045093075705722629e-01 0.000000000000000000e+00 7.933872465228532581e-03
8.045093075705722629e-01 5.939400424557333968e-01 0.000000000000000000e+00 7.933872465228532581e-03
8.045093075705722629e-01 -5.939400424557333968e-01 0.000000000000000000e+00 7.933872465228532581e-03
5.939400424557333968e-01 0.000000000000000000e+00 8.045093075705722629e-01 7.933872465228532581e-03
5.939400424557333968e-01 0.000000000000000000e+00 -8.045093075705722629e-01 7.933872465228532581e-03
8.045093075705722629e-01 0.000000000000000000e+00 5.939400424557333968e-01 7.933872465228532581e-03
8.045093075705722629e-01 0.000000000000000000e+00 -5.939400424557333968e-01 7.933872465228532581e-03
0.000000000000000000e+00 5.939400424557333968e-01 8.045093075705722629e-01 7.933872465228532581e-03
0.000000000000000000e+00 5.939400424557333968e-01 -8.045093075705722629e-01 7.933872465228532581e-03
0.000000000000000000e+00 8.045093075705722629e-01 5.939400424557333968e-01 7.933872465228532581e-03
0.000000000000000000e+00 8.045093075705722629e-01 -5.939400424557333968e-01 7.933872465228532581e-03
1.394983311832261041e-01 4.097581162050342729e-02 9.893741448305266584e-01 5.125353134021919457e-03
1.394983311832261041e-01 -4.097581162050342729e-02 9.893741448305266584e-01 5.125353134021919457e-03
-1.394983311832261041e-01 -4.097581162050342729e-02 9.893741448305266584e-01 5.125353134021919457e-03
-1.394983311832261041e-01 4.097581162050342729e-02 -9.893741448305266584e-01 5.125353134021919457e-03
4.097581162050342729e-02 1.394983311832261041e-01 9.893741448305266584e-01 5.125353134021919457e-03
4.097581162050342729e-02 -1.394983311832261041e-01 9.893741448305266584e-01 5.125353134021919457e-03
-4.097581162050342729e-02 -1.394983311832261041e-01 9.893741448305266584e-01 5.125353134021919457e-03
-4.097581162050342729e-02 1.394983311832261041e-01 -9.893741448305266584e-01 5.125353134021919457e-03
9.893741448305266584e-01 1.394983311832261041e-01 4.097581162050342729e-02 5.125353134021919457e-03
9.893741448305266584e-01 -1.394983311832261041e-01 4.097581162050342729e-02 5.125353134021919457e-03
-9.893741448305266584e-01 -1.394983311832261041e-01 4.097581162050342729e-02 5.125353134021919457e-03
-9.893741448305266584e-01 1.394983311832261041e-01 -4.097581162050342729e-02 5.125353134021919457e-03
9.893741448305266584e-01 4.097581162050342729e-02 1.394983311832261041e-01 5.125353134021919457e-03
9.893741448305266584e-01 -4.097581162050342729e-02 1.394983311832261041e-01 5.125353134021919457e-03
-9.893741448305266584e-01 -4.097581162050342729e-02 1.394983311832261041e-01 5.125353134021919457e-03
-9.893741448305266584e-01 4.097581162050342729e-02 -1.394983311832261041e-01 5.125353134021919457e-03
1.394983311832261041e-01 9.893741448305266584e-01 4.097581162050342729e-02 5.125353134021919457e-03
1.394983311832261041e-01 -9.893741448305266584e-01 4.097581162050342729e-02 5.125353134021919457e-03
-1.394983311832261041e-01 -9.893741448305266584e-01 4.097581162050342729e-02 5.125353134021919457e-03
-1.394983311832261041e-01 9.893741448305266584e-01 -4.097581162050342729e-02 5.125353134021919457e-03
4.097581162050342729e-02 9.893741448305266584e-01 1.394983311832261041e-01 5.125353134021919457e-03
4.097581162050342729e-02 -9.893741448305266584e-01 1.394983311832261041e-01 5.125353134021919457e-03
-4.097581162050342729e-02 -9.893741448305266584e-01 1.394983311832261041e-01 5.125353134021919457e-03
-4.097581162050342729e-02 9.893741448305266584e-01 -1.394983311832261041e-01 5.125353134021919457e-03
1.967999180485013877e-01 8.851987391293347773e-02 9.764394626286575507e-01 5.981508290401462390e-03
1.967999180485013877e-01 -8.851987391293347773e-02 9.764394626286575507e-01 5.981508290401462390e-03
-1.967999180485013877e-01 -8.851987391293347773e-02 9.764394626286575507e-01 5.981508290401462390e-03
-1.967999180485013877e-01 8.851987391293347773e-02 -9.764394626286575507e-01 5.981508290401462390e-03
8.851987391293347773e-02 1.967999180485013877e-01 9.764394626286575507e-01 5.981508290401462390e-03
8.851987391293347773e-02 -1.967999180485013877e-01 9.764394626286575507e-01 5.981508290401462390e-03
-8.851987391293347773e-02 -1.967999180485013877e-01 9.764394626286575507e-01 5.981508290401462390e-03
-8.851987391293347773e-02 1.967999180485013877e-01 -9.764394626286575507e-01 5.981508290401462390e-03
9.764394626286575507e-01 1.967999180485013877e-01 8.851987391293347773e-02 5.981508290401462390e-03
9.764394626286575507e-01 -1.967999180485013877e-01 8.851987391293347773e-02 5.981508290401462390e-03
-9.764394626286575507e-01 -1.967999180485013877e-01 8.851987391293347773e-02 5.981508290401462390e-03
-9.764394626286575507e-01 1.967999180485013877e-01 -8.851987391293347773e-02 5.981508290401462390e-03
9.764394626286575507e-01 8.851987391293347773e-02 1.967999180485013877e-01 5.981508290401462390e-03
9.764394626286575507e-01 -8.851987391293347773e-02 1.967999180485013877e-01 5.981508290401462390e-03
-9.764394626286575507e-01 -8.851987391293347773e-02 1.967999180485013877e-01 5.981508290401462390e-03
-9.764394626286575507e-01 8.851987391293347773e-02 -1.967999180485013877e-01 5.981508290401462390e-03
1.967999180485013877e-01 9.764394626286575507e-01 8.851987391293347773e-02 5.981508290401462390e-03
1.967999180485013877e-01 -9.764394626286575507e-01 8.851987391293347773e-02 5.981508290401462390e-03
-1.967999180485013877e-01 -9.764394626286575507e-01 8.851987391293347773e-02 5.981508290401462390e-03
-1.967999180485013877e-01 9.764394626286575507e-01 -8.851987391293347773e-02 5.981508290401462390e-03
8.851987391293347773e-02 9.764394626286575507e-01 1.967999180485013877e-01 5.981508290401462390e-03
8.851987391293347773e-02 -9.764394626286575507e-01 1.967999180485013877e-01 5.981508290401462390e-03
-8.851987391293347773e-02 -9.764394626286575507e-01 1.967999180485013877e-01 5.981508290401462390e-03
-8.851987391293347773e-02 9.764394626286575507e-01 -1.967999180485013877e-01 5.981508290401462390e-03
2.546183732548967238e-01 1.397680182969819052e-01 9.568878644137800427e-01 6.620154026094725828e-03
2.546183732548967238e-01 -1.397680182969819052e-01 9.568878644137800427e-01 6.620154026094725828e-03
-2.546183732548967238e-01 -1.397680182969819052e-01 9.568878644137800427e-01 6.620154026094725828e-03
-2.546183732548967238e-01 1.397680182969819052e-01 -9.568878644137800427e-01 6.620154026094725828e-03
1.397680182969819052e-01 2.546183732548967238e-01 9.568878644137800427e-01 6.620154026094725828e-03
1.397680182969819052e-01 -2.546183732548967238e-01 9.568878644137800427e-01 6.620154026094725828e-03
-1.397680182969819052e-01 -2.546183732548967238e-01 9.568878644137800427e-01 6.620154026094725828e-03
-1.397680182969819052e-01 2.546183732548967238e-01 -9.568878644137800427e-01 6.620154026094725828e-03
9.568878644137800427e-01 2.546183732548967238e-01 1.397680182969819052e-01 6.620154026094725828e-03
9.568878644137800427e-01 -2.546183732548967238e-01 1.397680182969819052e-01 6.620154026094725828e-03
-9.568878644137800427e-01 -2.546183732548967238e-01 1.397680182969819052e-01 6.620154026094725828e-03
-9.568878644137800427e-01 2.546183732548967238e-01 -1.397680182969819052e-01 6.620154026094725828e-03
9.568878644137800427e-01 1.397680182969819052e-01 2.546183732548967238e-01 6.620154026094725828e-03
9.568878644137800427e-01 -1.397680182969819052e-01 2.546183732548967238e-01 6.620154026094725828e-03
-9.568878644137800427e-01 -1.397680182969819052e-01 2.546183732548967238e-01 6.620154026094725828e-03
-9.568878644137800427e-01 1.397680182969819052e-01 -2.546183732548967238e-01 6.620154026094725828e-03
2.546183732548967238e-01 9.568878644137800427e-01 1.397680182969819052e-01 6.620154026094725828e-03
2.546183732548967238e-01 -9.568878644137800427e-01 1.397680182969819052e-01 6.620154026094725828e-03
-2.546183732548967238e-01 -9.568878644137800427e-01 1.397680182969819052e-01 6.620154026094725828e-03
-2.546183732548967238e-01 9.568878644137800427e-01 -1.397680182969819052e-01 6.620154026094725828e-03
1.397680182969819052e-01 9.568878644137800427e-01 2.546183732548967238e-01 6.620154026094725828e-03
1.397680182969819052e-01 -9.568878644137800427e-01 2.546183732548967238e-01 6.620154026094725828e-03
-1.397680182969819052e-01 -9.568878644137800427e-01 2.546183732548967238e-01 6.620154026094725828e-03
-1.397680182969819052e-01 9.568878644137800427e-01 -2.546183732548967238e-01 6.620154026094725828e-03
3.121281074713874726e-01 1.929452542226526013e-01 9.302409222342811201e-01 7.091263960616095777e-03
3.121281074713874726e-01 -1.929452542226526013e-01 9.302409222342811201e-01 7.091263960616095777e-03
-3.121281074713874726e-01 -1.929452542226526013e-01 9.302409222342811201e-01 7.091263960616095777e-03
-3.121281074713874726e-01 1.929452542226526013e-01 -9.302409222342811201e-01 7.091263960616095777e-03
1.929452542226526013e-01 3.121281074713874726e-01 9.302409222342811201e-01 7.091263960616095777e-03
1.929452542226526013e-01 -3.121281074713874726e-01 9.302409222342811201e-01 7.091263960616095777e-03
-1.929452542226526013e-01 -3.121281074713874726e-01 9.302409222342811201e-01 7.091263960616095777e-03
-1.929452542226526013e-01 3.121281074713874726e-01 -9.302409222342811201e-01 7.091263960616095777e-03
9.302409222342811201e-01 3.121281074713874726e-01 1.929452542226526013e-01 7.091263960616095777e-03
9.302409222342811201e-01 -3.121281074713874726e-01 1.929452542226526013e-01 7.091263960616095777e-03
-9.302409222342811201e-01 -3.121281074713874726e-01 1.929452542226526013e-01 7.091263960616095777e-03
-9.302409222342811201e-01 3.121281074713874726e-01 -1.929452542226526013e-01 7.091263960616095777e-03
9.302409222342811201e-01 1.929452542226526013e-01 3.121281074713874726e-01 7.091263960616095777e-03
9.302409222342811201e-01 -1.929452542226526013e-01 3.121281074713874726e-01 7.091263960616095777e-03
-9.302409222342811201e-01 -1.929452542226526013e-01 3.121281074713874726e-01 7.091263960616095777e-03
-9.302409222342811201e-01 1.929452542226526013e-01 -3.121281074713874726e-01 7.091263960616095777e-03
3.121281074713874726e-01 9.302409222342811201e-01 1.929452542226526013e-01 7.091263960616095777e-03
3.121281074713874726e-01 -9.302409222342811201e-01 1.929452542226526013e-01 7.091263960616095777e-03
-3.121281074713874726e-01 -9.302409222342811201e-01 1.929452542226526013e-01 7.091263960616095777e-03
-3.121281074713874726e-01 9.302409222342811201e-01 -1.929452542226526013e-01 7.091263960616095777e-03
1.929452542226526013e-01 9.302409222342811201e-01 3.121281074713874726e-01 7.091263960616095777e-03
1.929452542226526013e-01 -9.302409222342811201e-01 3.121281074713874726e-01 7.091263960616095777e-03
-1.929452542226526013e-01 -9.302409222342811201e-01 3.121281074713874726e-01 7.091263960616095777e-03
-1.929452542226526013e-01 9.302409222342811201e-01 -3.121281074713874726e-01 7.091263960616095777e-03
3.685981078502492125e-01 2.467898337061562031e-01 8.962311157667445238e-01 7.432381252774620736e-03
3.685981078502492125e-01 -2.467898337061562031e-01 8.962311157667445238e-01 7.432381252774620736e-03
-3.685981078502492125e-01 -2.467898337061562031e-01 8.962311157667445238e-01 7.432381252774620736e-03
-3.685981078502492125e-01 2.467898337061562031e-01 -8.962311157667445238e-01 7.432381252774620736e-03
2.467898337061562031e-01 3.685981078502492125e-01 8.962311157667445238e-01 7.432381252774620736e-03
2.467898337061562031e-01 -3.685981078502492125e-01 8.962311157667445238e-01 7.432381252774620736e-03
-2.467898337061562031e-01 -3.685981078502492125e-01 8.962311157667445238e-01 7.432381252774620736e-03
-2.467898337061562031e-01 3.685981078502492125e-01 -8.962311157667445238e-01 7.432381252774620736e-03
8.962311157667445238e-01 3.685981078502492125e-01 2.467898337061562031e-01 7.432381252774620736e-03
8.962311157667445238e-01 -3.685981078502492125e-01 2.467898337061562031e-01 7.432381252774620736e-03
-8.962311157667445238e-01 -3.685981078502492125e-01 2.467898337061562031e-01 7.432381252774620736e-03
-8.962311157667445238e-01 3.685981078502492125e-01 -2.467898337061562031e-01 7.432381252774620736e-03
8.962311157667445238e-01 2.467898337061562031e-01 3.685981078502492125e-01 7.432381252774620736e-03
8.962311157667445238e-01 -2.467898337061562031e-01 3.685981078502492125e-01 7.432381252774620736e-03
-8.962311157667445238e-01 -2.467898337061562031e-01 3.685981078502492125e-01 7.432381252774620736e-03
-8.962311157667445238e-01 2.467898337061562031e-01 -3.685981078502492125e-01 7.432381252774620736e-03
3.685981078502492125e-01 8.962311157667445238e-01 2.467898337061562031e-01 7.432381252774620736e-03
3.685981078502492125e-01 -8.962311157667445238e-01 2.467898337061562031e-01 7.432381252774620736e-03
-3.685981078502492125e-01 -8.962311157667445238e-01 2.467898337061562031e-01 7.432381252774620736e-03
-3.685981078502492125e-01 8.962311157667445238e-01 -2.467898337061562031e-01 7.432381252774620736e-03
2.467898337061562031e-01 8.962311157667445238e-01 3.685981078502492125e-01 7.432381252774620736e-03
2.467898337061562031e-01 -8.962311157667445238e-01 3.685981078502492125e-01 7.432381252774620736e-03
-2.467898337061562031e-01 -8.962311157667445238e-01 3.685981078502492125e-01 7.432381252774620736e-03
-2.467898337061562031e-01 8.962311157667445238e-01 -3.685981078502492125e-01 7.432381252774620736e-03
4.233760321547855865e-01 3.003104124785409001e-01 8.547317658504559601e-01 7.671217920450575274e-03
4.233760321547855865e-01 -3.003104124785409001e-01 8.547317658504559601e-01 7.671217920450575274e-03
-4.233760321547855865e-01 -3.003104124785409001e-01 8.547317658504559601e-01 7.671217920450575274e-03
-4.233760321547855865e-01 3.003104124785409001e-01 -8.547317658504559601e-01 7.671217920450575274e-03
3.003104124785409001e-01 4.233760321547855865e-01 8.547317658504559601e-01 7.671217920450575274e-03
3.003104124785409001e-01 -4.233760321547855865e-01 8.547317658504559601e-01 7.671217920450575274e-03
-3.003104124785409001e-01 -4.233760321547855865e-01 8.547317658504559601e-01 7.671217920450575274e-03
-3.003104124785409001e-01 4.233760321547855865e-01 -8.547317658504559601e-01 7.671217920450575274e-03
8.547317658504559601e-01 4.233760321547855865e-01 3.003104124785409001e-01 7.671217920450575274e-03
8.547317658504559601e-01 -4.233760321547855865e-01 3.003104124785409001e-01 7.671217920450575274e-03
-8.547317658504559601e-01 -4.233760321547855865e-01 3.003104124785409001e-01 7.671217920450575274e-03
-8.547317658504559601e-01 4.233760321547855865e-01 -3.003104124785409001e-01 7.671217920450575274e-03
8.547317658504559601e-01 3.003104124785409001e-01 4.233760321547855865e-01 7.671217920450575274e-03
8.547317658504559601e-01 -3.003104124785409001e-01 4.233760321547855865e-01 7.671217920450575274e-03
-8.547317658504559601e-01 -3.003104124785409001e-01 4.233760321547855865e-01 7.671217920450575274e-03
-8.547317658504559601e-01 3.003104124785409001e-01 -4.233760321547855865e-01 7.671217920450575274e-03
4.233760321547855865e-01 8.547317658504559601e-01 3.003104124785409001e-01 7.671217920450575274e-03
4.233760321547855865e-01 -8.547317658504559601e-01 3.003104124785409001e-01 7.671217920450575274e-03
-4.233760321547855865e-01 -8.547317658504559601e-01 3.003104124785409001e-01 7.671217920450575274e-03
-4.233760321547855865e-01 8.547317658504559601e-01 -3.003104124785409001e-01 7.671217920450575274e-03
3.003104124785409001e-01 8.547317658504559601e-01 4.233760321547855865e-01 7.671217920450575274e-03
3.003104124785409001e-01 -8.547317658504559601e-01 4.233760321547855865e-01 7.671217920450575274e-03
-3.003104124785409001e-01 -8.547317658504559601e-01 4.233760321547855865e-01 7.671217920450575274e-03
-3.003104124785409001e-01 8.547317658504559601e-01 -4.233760321547855865e-01 7.671217920450575274e-03
4.758671236059245913e-01 3.526684328175033190e-01 8.057142528000046378e-01 7.829166646882573799e-03
4.758671236059245913e-01 -3.526684328175033190e-01 8.057142528000046378e-01 7.829166646882573799e-03
-4.758671236059245913e-01 -3.526684328175033190e-01 8.057142528000046378e-01 7.829166646882573799e-03
-4.758671236059245913e-01 3.526684328175033190e-01 -8.057142528000046378e-01 7.829166646882573799e-03
3.526684328175033190e-01 4.758671236059245913e-01 8.057142528000046378e-01 7.829166646882573799e-03
3.526684328175033190e-01 -4.758671236059245913e-01 8.057142528000046378e-01 7.829166646882573799e-03
-3.526684328175033190e-01 -4.758671236059245913e-01 8.057142528000046378e-01 7.829166646882573799e-03
-3.526684328175033190e-01 4.758671236059245913e-01 -8.057142528000046378e-01 7.829166646882573799e-03
8.057142528000046378e-01 4.758671236059245913e-01 3.526684328175033190e-01 7.829166646882573799e-03
8.057142528000046378e-01 -4.758671236059245913e-01 3.526684328175033190e-01 7.829166646882573799e-03
-8.057142528000046378e-01 -4.758671236059245913e-01 3.526684328175033190e-01 7.829166646882573799e-03
-8.057142528000046378e-01 4.758671236059245913e-01 -3.526684328175033190e-01 7.829166646882573799e-03
8.057142528000046378e-01 3.526684328175033190e-01 4.758671236059245913e-01 7.829166646882573799e-03
8.057142528000046378e-01 -3.526684328175033190e-01 4.758671236059245913e-01 7.829166646882573799e-03
-8.057142528000046378e-01 -3.526684328175033190e-01 4.758671236059245913e-01 7.829166646882573799e-03
-8.057142528000046378e-01 3.526684328175033190e-01 -4.758671236059245913e-01 7.829166646882573799e-03
4.758671236059245913e-01 8.057142528000046378e-01 3.526684328175033190e-01 7.829166646882573799e-03
4.758671236059245913e-01 -8.057142528000046378e-01 3.526684328175033190e-01 7.829166646882573799e-03
-4.758671236059245913e-01 -8.057142528000046378e-01 3.526684328175033190e-01 7.829166646882573799e-03
-4.758671236059245913e-01 8.057142528000046378e-01 -3.526684328175033190e-01 7.829166646882573799e-03
3.526684328175033190e-01 8.057142528000046378e-01 4.758671236059245913e-01 7.829166646882573799e-03
3.526684328175033190e-01 -8.057142528000046378e-01 4.758671236059245913e-01 7.829166646882573799e-03
-3.526684328175033190e-01 -8.057142528000046378e-01 4.758671236059245913e-01 7.829166646882573799e-03
-3.526684328175033190e-01 8.057142528000046378e-01 -4.758671236059245913e-01 7.829166646882573799e-03
5.255178579796463412e-01 4.031134861145713177e-01 7.492199264949122028e-01 7.923874231314274180e-03
5.255178579796463412e-01 -4.031134861145713177e-01 7.492199264949122028e-01 7.923874231314274180e-03
-5.255178579796463412e-01 -4.031134861145713177e-01 7.492199264949122028e-01 7.923874231314274180e-03
-5.255178579796463412e-01 4.031134861145713177e-01 -7.492199264949122028e-01 7.923874231314274180e-03
4.031134861145713177e-01 5.255178579796463412e-01 7.492199264949122028e-01 7.923874231314274180e-03
4.031134861145713177e-01 -5.255178579796463412e-01 7.492199264949122028e-01 7.923874231314274180e-03
-4.031134861145713177e-01 -5.255178579796463412e-01 7.492199264949122028e-01 7.923874231314274180e-03
-4.031134861145713177e-01 5.255178579796463412e-01 -7.492199264949122028e-01 7.923874231314274180e-03
7.492199264949122028e-01 5.255178579796463412e-01 4.031134861145713177e-01 7.923874231314274180e-03
7.492199264949122028e-01 -5.255178579796463412e-01 4.031134861145713177e-01 7.923874231314274180e-03
-7.492199264949122028e-01 -5.255178579796463412e-01 4.031134861145713177e-01 7.923874231314274180e-03
-7.492199264949122028e-01 5.255178579796463412e-01 -4.031134861145713177e-01 7.923874231314274180e-03
7.492199264949122028e-01 4.031134861145713177e-01 5.255178579796463412e-01 7.923874231314274180e-03
7.492199264949122028e-01 -4.031134861145713177e-01 5.255178579796463412e-01 7.923874231314274180e-03
-7.492199264949122028e-01 -4.031134861145713177e-01 5.255178579796463412e-01 7.923874231314274180e-03
-7.492199264949122028e-01 4.031134861145713177e-01 -5.255178579796463412e-01 7.923874231314274180e-03
5.255178579796463412e-01 7.492199264949122028e-01 4.031134861145713177e-01 7.923874231314274180e-03
5.255178579796463412e-01 -7.492199264949122028e-01 4.031134861145713177e-01 7.923874231314274180e-03
-5.255178579796463412e-01 -7.492199264949122028e-01 4.031134861145713177e-01 7.923874231314274180e-03
-5.255178579796463412e-01 7.492199264949122028e-01 -4.031134861145713177e-01 7.923874231314274180e-03
4.031134861145713177e-01 7.492199264949122028e-01 5.255178579796463412e-01 7.923874231314274180e-03
4.031134861145713177e-01 -7.492199264949122028e-01 5.255178579796463412e-01 7.923874231314274180e-03
-4.031134861145713177e-01 -7.492199264949122028e-01 5.255178579796463412e-01 7.923874231314274180e-03
-4.031134861145713177e-01 7.492199264949122028e-01 -5.255178579796463412e-01 7.923874231314274180e-03
5.718025633734589164e-01 4.509426448342350735e-01 6.853411993959259707e-01 7.970965455889631596e-03
5.718025633734589164e-01 -4.509426448342350735e-01 6.853411993959259707e-01 7.970965455889631596e-03
-5.718025633734589164e-01 -4.509426448342350735e-01 6.853411993959259707e-01 7.970965455889631596e-03
-5.718025633734589164e-01 4.509426448342350735e-01 -6.853411993959259707e-01 7.970965455889631596e-03
4.509426448342350735e-01 5.718025633734589164e-01 6.853411993959259707e-01 7.970965455889631596e-03
4.509426448342350735e-01 -5.718025633734589164e-01 6.853411993959259707e-01 7.970965455889631596e-03
-4.509426448342350735e-01 -5.718025633734589164e-01 6.853411993959259707e-01 7.970965455889631596e-03
-4.509426448342350735e-01 5.718025633734589164e-01 -6.853411993959259707e-01 7.970965455889631596e-03
6.853411993959259707e-01 5.718025633734589164e-01 4.509426448342350735e-01 7.970965455889631596e-03
6.853411993959259707e-01 -5.718025633734589164e-01 4.509426448342350735e-01 7.970965455889631596e-03
-6.853411993959259707e-01 -5.718025633734589164e-01 4.509426448342350735e-01 7.970965455889631596e-03
-6.853411993959259707e-01 5.718025633734589164e-01 -4.509426448342350735e-01 7.970965455889631596e-03
6.853411993959259707e-01 4.509426448342350735e-01 5.718025633734589164e-01 7.970965455889631596e-03
6.853411993959259707e-01 -4.509426448342350735e-01 5.718025633734589164e-01 7.970965455889631596e-03
-6.853411993959259707e-01 -4.509426448342350735e-01 5.718025633734589164e-01 7.970965455889631596e-03
-6.853411993959259707e-01 4.509426448342350735e-01 -5.718025633734589164e-01 7.970965455889631596e-03
5.718025633734589164e-01 6.853411993959259707e-01 4.509426448342350735e-01 7.970965455889631596e-03
5.718025633734589164e-01 -6.853411993959259707e-01 4.509426448342350735e-01 7.970965455889631596e-03
-5.718025633734589164e-01 -6.853411993959259707e-01 4.509426448342350735e-01 7.970965455889631596e-03
-5.718025633734589164e-01 6.853411993959259707e-01 -4.509426448342350735e-01 7.970965455889631596e-03
4.509426448342350735e-01 6.853411993959259707e-01 5.718025633734589164e-01 7.970965455889631596e-03
4.509426448342350735e-01 -6.853411993959259707e-01 5.718025633734589164e-01 7.970965455889631596e-03
-4.509426448342350735e-01 -6.853411993959259707e-01 5.718025633734589164e-01 7.970965455889631596e-03
-4.509426448342350735e-01 6.853411993959259707e-01 -5.718025633734589164e-01 7.970965455889631596e-03
2.686927772723414765e-01 4.711322502423247877e-02 9.620730406104788246e-01 6.504691397173975945e-03
2.686927772723414765e-01 -4.711322502423247877e-02 9.620730406104788246e-01 6.504691397173975945e-03
-2.686927772723414765e-01 -4.711322502423247877e-02 9.620730406104788246e-01 6.504691397173975945e-03
-2.686927772723414765e-01 4.711322502423247877e-02 -9.620730406104788246e-01 6.504691397173975945e-03
4.711322502423247877e-02 2.686927772723414765e-01 9.620730406104788246e-01 6.504691397173975945e-03
4.711322502423247877e-02 -2.686927772723414765e-01 9.620730406104788246e-01 6.504691397173975945e-03
-4.711322502423247877e-02 -2.686927772723414765e-01 9.620730406104788246e-01 6.504691397173975945e-03
-4.711322502423247877e-02 2.686927772723414765e-01 -9.620730406104788246e-01 6.504691397173975945e-03
9.620730406104788246e-01 2.686927772723414765e-01 4.711322502423247877e-02 6.504691397173975945e-03
9.620730406104788246e-01 -2.686927772723414765e-01 4.711322502423247877e-02 6.504691397173975945e-03
-9.620730406104788246e-01 -2.686927772723414765e-01 4.711322502423247877e-02 6.504691397173975945e-03
-9.620730406104788246e-01 2.686927772723414765e-01 -4.711322502423247877e-02 6.504691397173975945e-03
9.620730406104788246e-01 4.711322502423247877e-02 2.686927772723414765e-01 6.504691397173975945e-03
9.620730406104788246e-01 -4.711322502423247877e-02 2.686927772723414765e-01 6.504691397173975945e-03
-9.620730406104788246e-01 -4.711322502423247877e-02 2.686927772723414765e-01 6.504691397173975945e-03
-9.620730406104788246e-01 4.711322502423247877e-02 -2.686927772723414765e-01 6.504691397173975945e-03
2.686927772723414765e-01 9.620730406104788246e-01 4.711322502423247877e-02 6.504691397173975945e-03
2.686927772723414765e-01 -9.620730406104788246e-01 4.711322502423247877e-02 6.504691397173975945e-03
-2.686927772723414765e-01 -9.620730406104788246e-01 4.711322502423247877e-02 6.504691397173975945e-03
-2.686927772723414765e-01 9.620730406104788246e-01 -4.711322502423247877e-02 6.504691397173975945e-03
4.711322502423247877e-02 9.620730406104788246e-01 2.686927772723414765e-01 6.504691397173975945e-03
4.711322502423247877e-02 -9.620730406104788246e-01 2.686927772723414765e-01 6.504691397173975945e-03
-4.711322502423247877e-02 -9.620730406104788246e-01 2.686927772723414765e-01 6.504691397173975945e-03
-4.711322502423247877e-02 9.620730406104788246e-01 -2.686927772723414765e-01 6.504691397173975945e-03
3.306006819904809269e-01 9.784487303942694669e-02 9.386850216591970941e-01 6.992984578682647639e-03
3.306006819904809269e-01 -9.784487303942694669e-02 9.386850216591970941e-01 6.992984578682647639e-03
-3.306006819904809269e-01 -9.784487303942694669e-02 9.386850216591970941e-01 6.992984578682647639e-03
-3.306006819904809269e-01 9.784487303942694669e-02 -9.386850216591970941e-01 6.992984578682647639e-03
9.784487303942694669e-02 3.306006819904809269e-01 9.386850216591970941e-01 6.992984578682647639e-03
9.784487303942694669e-02 -3.306006819904809269e-01 9.386850216591970941e-01 6.992984578682647639e-03
-9.784487303942694669e-02 -3.306006819904809269e-01 9.386850216591970941e-01 6.992984578682647639e-03
-9.784487303942694669e-02 3.306006819904809269e-01 -9.386850216591970941e-01 6.992984578682647639e-03
9.386850216591970941e-01 3.306006819904809269e-01 9.784487303942694669e-02 6.992984578682647639e-03
9.386850216591970941e-01 -3.306006819904809269e-01 9.784487303942694669e-02 6.992984578682647639e-03
-9.386850216591970941e-01 -3.306006819904809269e-01 9.784487303942694669e-02 6.992984578682647639e-03
-9.386850216591970941e-01 3.306006819904809269e-01 -9.784487303942694669e-02 6.992984578682647639e-03
9.386850216591970941e-01 9.784487303942694669e-02 3.306006819904809269e-01 6.992984578682647639e-03
9.386850216591970941e-01 -9.784487303942694669e-02 3.306006819904809269e-01 6.992984578682647639e-03
-9.386850216591970941e-01 -9.784487303942694669e-02 3.306006819904809269e-01 6.992984578682647639e-03
-9.386850216591970941e-01 9.784487303942694669e-02 -3.306006819904809269e-01 6.992984578682647639e-03
3.306006819904809269e-01 9.386850216591970941e-01 9.784487303942694669e-02 6.992984578682647639e-03
3.306006819904809269e-01 -9.386850216591970941e-01 9.784487303942694669e-02 6.992984578682647639e-03
-3.306006819904809269e-01 -9.386850216591970941e-01 9.784487303942694669e-02 6.992984578682647639e-03
-3.306006819904809269e-01 9.386850216591970941e-01 -9.784487303942694669e-02 6.992984578682647639e-03
9.784487303942694669e-02 9.386850216591970941e-01 3.306006819904809269e-01 6.992984578682647639e-03
9.784487303942694669e-02 -9.386850216591970941e-01 3.306006819904809269e-01 6.992984578682647639e-03
-9.784487303942694669e-02 -9.386850216591970941e-01 3.306006819904809269e-01 6.992984578682647639e-03
-9.784487303942694669e-02 9.386850216591970941e-01 -3.306006819904809269e-01 6.992984578682647639e-03
3.904906850594982992e-01 1.505395810025272896e-01 9.082152054625308724e-01 7.359402802409355238e-03
3.904906850594982992e-01 -1.505395810025272896e-01 9.082152054625308724e-01 7.359402802409355238e-03
-3.904906850594982992e-01 -1.505395810025272896e-01 9.082152054625308724e-01 7.359402802409355238e-03
-3.904906850594982992e-01 1.505395810025272896e-01 -9.082152054625308724e-01 7.359402802409355238e-03
1.505395810025272896e-01 3.904906850594982992e-01 9.082152054625308724e-01 7.359402802409355238e-03
1.505395810025272896e-01 -3.904906850594982992e-01 9.082152054625308724e-01 7.359402802409355238e-03
-1.505395810025272896e-01 -3.904906850594982992e-01 9.082152054625308724e-01 7.359402802409355238e-03
-1.505395810025272896e-01 3.904906850594982992e-01 -9.082152054625308724e-01 7.359402802409355238e-03
9.082152054625308724e-01 3.904906850594982992e-01 1.505395810025272896e-01 7.359402802409355238e-03
9.082152054625308724e-01 -3.904906850594982992e-01 1.505395810025272896e-01 7.359402802409355238e-03
-9.082152054625308724e-01 -3.904906850594982992e-01 1.505395810025272896e-01 7.359402802409355238e-03
-9.082152054625308724e-01 3.904906850594982992e-01 -1.505395810025272896e-01 7.359402802409355238e-03
9.082152054625308724e-01 1.505395810025272896e-01 3.904906850594982992e-01 7.359402802409355238e-03
9.082152054625308724e-01 -1.505395810025272896e-01 3.904906850594982992e-01 7.359402802409355238e-03
-9.082152054625308724e-01 -1.505395810025272896e-01 3.904906850594982992e-01 7.359402802409355238e-03
-9.082152054625308724e-01 1.505395810025272896e-01 -3.904906850594982992e-01 7.359402802409355238e-03
3.904906850594982992e-01 9.082152054625308724e-01 1.505395810025272896e-01 7.359402802409355238e-03
3.904906850594982992e-01 -9.082152054625308724e-01 1.505395810025272896e-01 7.359402802409355238e-03
-3.904906850594982992e-01 -9.082152054625308724e-01 1.505395810025272896e-01 7.359402802409355238e-03
-3.904906850594982992e-01 9.082152054625308724e-01 -1.505395810025272896e-01 7.359402802409355238e-03
1.505395810025272896e-01 9.082152054625308724e-01 3.904906850594982992e-01 7.359402802409355238e-03
1.505395810025272896e-01 -9.082152054625308724e-01 3.904906850594982992e-01 7.359402802409355238e-03
-1.505395810025272896e-01 -9.082152054625308724e-01 3.904906850594982992e-01 7.359402802409355238e-03
-1.505395810025272896e-01 9.082152054625308724e-01 -3.904906850594982992e-01 7.359402802409355238e-03
4.479957951904389724e-01 2.039728156296050088e-01 8.704566950605971964e-01 7.623246639941791587e-03
4.479957951904389724e-01 -2.039728156296050088e-01 8.704566950605971964e-01 7.623246639941791587e-03
-4.479957951904389724e-01 -2.039728156296050088e-01 8.704566950605971964e-01 7.623246639941791587e-03
-4.479957951904389724e-01 2.039728156296050088e-01 -8.704566950605971964e-01 7.623246639941791587e-03
2.039728156296050088e-01 4.479957951904389724e-01 8.704566950605971964e-01 7.623246639941791587e-03
2.039728156296050088e-01 -4.479957951904389724e-01 8.704566950605971964e-01 7.623246639941791587e-03
-2.039728156296050088e-01 -4.479957951904389724e-01 8.704566950605971964e-01 7.623246639941791587e-03
-2.039728156296050088e-01 4.479957951904389724e-01 -8.704566950605971964e-01 7.623246639941791587e-03
8.704566950605971964e-01 4.479957951904389724e-01 2.039728156296050088e-01 7.623246639941791587e-03
8.704566950605971964e-01 -4.479957951904389724e-01 2.039728156296050088e-01 7.623246639941791587e-03
-8.704566950605971964e-01 -4.479957951904389724e-01 2.039728156296050088e-01 7.623246639941791587e-03
-8.704566950605971964e-01 4.479957951904389724e-01 -2.039728156296050088e-01 7.623246639941791587e-03
8.704566950605971964e-01 2.039728156296050088e-01 4.479957951904389724e-01 7.623246639941791587e-03
8.704566950605971964e-01 -2.039728156296050088e-01 4.479957951904389724e-01 7.623246639941791587e-03
-8.704566950605971964e-01 -2.039728156296050088e-01 4.479957951904389724e-01 7.623246639941791587e-03
-8.704566950605971964e-01 2.039728156296050088e-01 -4.479957951904389724e-01 7.623246639941791587e-03
4.479957951904389724e-01 8.704566950605971964e-01 2.039728156296050088e-01 7.623246639941791587e-03
4.479957951904389724e-01 -8.704566950605971964e-01 2.039728156296050088e-01 7.623246639941791587e-03
-4.479957951904389724e-01 -8.704566950605971964e-01 2.039728156296050088e-01 7.623246639941791587e-03
-4.479957951904389724e-01 8.704566950605971964e-01 -2.039728156296050088e-01 7.623246639941791587e-03
2.039728156296050088e-01 8.704566950605971964e-01 4.479957951904389724e-01 7.623246639941791587e-03
2.039728156296050088e-01 -8.704566950605971964e-01 4.479957951904389724e-01 7.623246639941791587e-03
-2.039728156296050088e-01 -8.704566950605971964e-01 4.479957951904389724e-01 7.623246639941791587e-03
-2.039728156296050088e-01 8.704566950605971964e-01 -4.479957951904389724e-01 7.623246639941791587e-03
5.027076848919780350e-01 2.571529941121106777e-01 8.253225558348229463e-01 7.802239555512279282e-03
5.027076848919780350e-01 -2.571529941121106777e-01 8.253225558348229463e-01 7.802239555512279282e-03
-5.027076848919780350e-01 -2.571529941121106777e-01 8.253225558348229463e-01 7.802239555512279282e-03
-5.027076848919780350e-01 2.571529941121106777e-01 -8.253225558348229463e-01 7.802239555512279282e-03
2.571529941121106777e-01 5.027076848919780350e-01 8.253225558348229463e-01 7.802239555512279282e-03
2.571529941121106777e-01 -5.027076848919780350e-01 8.253225558348229463e-01 7.802239555512279282e-03
-2.571529941121106777e-01 -5.027076848919780350e-01 8.253225558348229463e-01 7.802239555512279282e-03
-2.571529941121106777e-01 5.027076848919780350e-01 -8.253225558348229463e-01 7.802239555512279282e-03
8.253225558348229463e-01 5.027076848919780350e-01 2.571529941121106777e-01 7.802239555512279282e-03
8.253225558348229463e-01 -5.027076848919780350e-01 2.571529941121106777e-01 7.802239555512279282e-03
-8.253225558348229463e-01 -5.027076848919780350e-01 2.571529941121106777e-01 7.802239555512279282e-03
-8.253225558348229463e-01 5.027076848919780350e-01 -2.571529941121106777e-01 7.802239555512279282e-03
8.253225558348229463e-01 2.571529941121106777e-01 5.027076848919780350e-01 7.802239555512279282e-03
8.253225558348229463e-01 -2.571529941121106777e-01 5.027076848919780350e-01 7.802239555512279282e-03
-8.253225558348229463e-01 -2.571529941121106777e-01 5.027076848919780350e-01 7.802239555512279282e-03
-8.253225558348229463e-01 2.571529941121106777e-01 -5.027076848919780350e-01 7.802239555512279282e-03
5.027076848919780350e-01 8.253225558348229463e-01 2.571529941121106777e-01 7.802239555512279282e-03
5.027076848919780350e-01 -8.253225558348229463e-01 2.571529941121106777e-01 7.802239555512279282e-03
-5.027076848919780350e-01 -8.253225558348229463e-01 2.571529941121106777e-01 7.802239555512279282e-03
-5.027076848919780350e-01 8.253225558348229463e-01 -2.571529941121106777e-01 7.802239555512279282e-03
2.571529941121106777e-01 8.253225558348229463e-01 5.027076848919780350e-01 7.802239555512279282e-03
2.571529941121106777e-01 -8.253225558348229463e-01 5.027076848919780350e-01 7.802239555512279282e-03
-2.571529941121106777e-01 -8.253225558348229463e-01 5.027076848919780350e-01 7.802239555512279282e-03
-2.571529941121106777e-01 8.253225558348229463e-01 -5.027076848919780350e-01 7.802239555512279282e-03
5.542087392260216516e-01 3.092191375815669940e-01 7.728105837259319211e-01 7.912181897093127983e-03
5.542087392260216516e-01 -3.092191375815669940e-01 7.728105837259319211e-01 7.912181897093127983e-03
-5.542087392260216516e-01 -3.092191375815669940e-01 7.728105837259319211e-01 7.912181897093127983e-03
-5.542087392260216516e-01 3.092191375815669940e-01 -7.728105837259319211e-01 7.912181897093127983e-03
3.092191375815669940e-01 5.542087392260216516e-01 7.728105837259319211e-01 7.912181897093127983e-03
3.092191375815669940e-01 -5.542087392260216516e-01 7.728105837259319211e-01 7.912181897093127983e-03
-3.092191375815669940e-01 -5.542087392260216516e-01 7.728105837259319211e-01 7.912181897093127983e-03
-3.092191375815669940e-01 5.542087392260216516e-01 -7.728105837259319211e-01 7.912181897093127983e-03
7.728105837259319211e-01 5.542087392260216516e-01 3.092191375815669940e-01 7.912181897093127983e-03
7.728105837259319211e-01 -5.542087392260216516e-01 3.092191375815669940e-01 7.912181897093127983e-03
-7.728105837259319211e-01 -5.542087392260216516e-01 3.092191375815669940e-01 7.912181897093127983e-03
-7.728105837259319211e-01 5.542087392260216516e-01 -3.092191375815669940e-01 7.912181897093127983e-03
7.728105837259319211e-01 3.092191375815669940e-01 5.542087392260216516e-01 7.912181897093127983e-03
7.728105837259319211e-01 -3.092191375815669940e-01 5.542087392260216516e-01 7.912181897093127983e-03
-7.728105837259319211e-01 -3.092191375815669940e-01 5.542087392260216516e-01 7.912181897093127983e-03
-7.728105837259319211e-01 3.092191375815669940e-01 -5.542087392260216516e-01 7.912181897093127983e-03
5.542087392260216516e-01 7.728105837259319211e-01 3.092191375815669940e-01 7.912181897093127983e-03
5.542087392260216516e-01 -7.728105837259319211e-01 3.092191375815669940e-01 7.912181897093127983e-03
-5.542087392260216516e-01 -7.728105837259319211e-01 3.092191375815669940e-01 7.912181897093127983e-03
-5.542087392260216516e-01 7.728105837259319211e-01 -3.092191375815669940e-01 7.912181897093127983e-03
3.092191375815669940e-01 7.728105837259319211e-01 5.542087392260216516e-01 7.912181897093127983e-03
3.092191375815669940e-01 -7.728105837259319211e-01 5.542087392260216516e-01 7.912181897093127983e-03
-3.092191375815669940e-01 -7.728105837259319211e-01 5.542087392260216516e-01 7.912181897093127983e-03
-3.092191375815669940e-01 7.728105837259319211e-01 -5.542087392260216516e-01 7.912181897093127983e-03
6.020850887375186478e-01 3.593807506130275997e-01 7.129789772558172700e-01 7.967611477993401248e-03
6.020850887375186478e-01 -3.593807506130275997e-01 7.129789772558172700e-01 7.967611477993401248e-03
-6.020850887375186478e-01 -3.593807506130275997e-01 7.129789772558172700e-01 7.967611477993401248e-03
-6.020850887375186478e-01 3.593807506130275997e-01 -7.129789772558172700e-01 7.967611477993401248e-03
3.593807506130275997e-01 6.020850887375186478e-01 7.129789772558172700e-01 7.967611477993401248e-03
3.593807506130275997e-01 -6.020850887375186478e-01 7.129789772558172700e-01 7.967611477993401248e-03
-3.593807506130275997e-01 -6.020850887375186478e-01 7.129789772558172700e-01 7.967611477993401248e-03
-3.593807506130275997e-01 6.020850887375186478e-01 -7.129789772558172700e-01 7.967611477993401248e-03
7.129789772558172700e-01 6.020850887375186478e-01 3.593807506130275997e-01 7.967611477993401248e-03
7.129789772558172700e-01 -6.020850887375186478e-01 3.593807506130275997e-01 7.967611477993401248e-03
-7.129789772558172700e-01 -6.020850887375186478e-01 3.593807506130275997e-01 7.967611477993401248e-03
-7.129789772558172700e-01 6.020850887375186478e-01 -3.593807506130275997e-01 7.967611477993401248e-03
7.129789772558172700e-01 3.593807506130275997e-01 6.020850887375186478e-01 7.967611477993401248e-03
7.129789772558172700e-01 -3.593807506130275997e-01 6.020850887375186478e-01 7.967611477993401248e-03
-7.129789772558172700e-01 -3.593807506130275997e-01 6.020850887375186478e-01 7.967611477993401248e-03
-7.129789772558172700e-01 3.593807506130275997e-01 -6.020850887375186478e-01 7.967611477993401248e-03
6.020850887375186478e-01 7.129789772558172700e-01 3.593807506130275997e-01 7.967611477993401248e-03
6.020850887375186478e-01 -7.129789772558172700e-01 3.593807506130275997e-01 7.967611477993401248e-03
-6.020850887375186478e-01 -7.129789772558172700e-01 3.593807506130275997e-01 7.967611477993401248e-03
-6.020850887375186478e-01 7.129789772558172700e-01 -3.593807506130275997e-01 7.967611477993401248e-03
3.593807506130275997e-01 7.129789772558172700e-01 6.020850887375186478e-01 7.967611477993401248e-03
3.593807506130275997e-01 -7.129789772558172700e-01 6.020850887375186478e-01 7.967611477993401248e-03
-3.593807506130275997e-01 -7.129789772558172700e-01 6.020850887375186478e-01 7.967611477993401248e-03
-3.593807506130275997e-01 7.129789772558172700e-01 -6.020850887375186478e-01 7.967611477993401248e-03
4.019851409179593937e-01 5.063389934378671048e-02 9.142451283536662254e-01 7.325726193425662058e-03
4.019851409179593937e-01 -5.063389934378671048e-02 9.142451283536662254e-01 7.325726193425662058e-03
-4.019851409179593937e-01 -5.063389934378671048e-02 9.142451283536662254e-01 7.325726193425662058e-03
-4.019851409179593937e-01 5.063389934378671048e-02 -9.142451283536662254e-01 7.325726193425662058e-03
5.063389934378671048e-02 4.019851409179593937e-01 9.142451283536662254e-01 7.325726193425662058e-03
5.063389934378671048e-02 -4.019851409179593937e-01 9.142451283536662254e-01 7.325726193425662058e-03
-5.063389934378671048e-02 -4.019851409179593937e-01 9.142451283536662254e-01 7.325726193425662058e-03
-5.063389934378671048e-02 4.019851409179593937e-01 -9.142451283536662254e-01 7.325726193425662058e-03
9.142451283536662254e-01 4.019851409179593937e-01 5.063389934378671048e-02 7.325726193425662058e-03
9.142451283536662254e-01 -4.019851409179593937e-01 5.063389934378671048e-02 7.325726193425662058e-03
-9.142451283536662254e-01 -4.019851409179593937e-01 5.063389934378671048e-02 7.325726193425662058e-03
-9.142451283536662254e-01 4.019851409179593937e-01 -5.063389934378671048e-02 7.325726193425662058e-03
9.142451283536662254e-01 5.063389934378671048e-02 4.019851409179593937e-01 7.325726193425662058e-03
9.142451283536662254e-01 -5.063389934378671048e-02 4.019851409179593937e-01 7.325726193425662058e-03
-9.142451283536662254e-01 -5.063389934378671048e-02 4.019851409179593937e-01 7.325726193425662058e-03
-9.142451283536662254e-01 5.063389934378671048e-02 -4.019851409179593937e-01 7.325726193425662058e-03
4.019851409179593937e-01 9.142451283536662254e-01 5.063389934378671048e-02 7.325726193425662058e-03
4.019851409179593937e-01 -9.142451283536662254e-01 5.063389934378671048e-02 7.325726193425662058e-03
-4.019851409179593937e-01 -9.142451283536662254e-01 5.063389934378671048e-02 7.325726193425662058e-03
-4.019851409179593937e-01 9.142451283536662254e-01 -5.063389934378671048e-02 7.325726193425662058e-03
5.063389934378671048e-02 9.142451283536662254e-01 4.019851409179593937e-01 7.325726193425662058e-03
5.063389934378671048e-02 -9.142451283536662254e-01 4.019851409179593937e-01 7.325726193425662058e-03
-5.063389934378671048e-02 -9.142451283536662254e-01 4.019851409179593937e-01 7.325726193425662058e-03
-5.063389934378671048e-02 9.142451283536662254e-01 -4.019851409179593937e-01 7.325726193425662058e-03
4.635614567449800050e-01 1.032422269160612055e-01 8.800294417812876135e-01 7.601012269645463816e-03
4.635614567449800050e-01 -1.032422269160612055e-01 8.800294417812876135e-01 7.601012269645463816e-03
-4.635614567449800050e-01 -1.032422269160612055e-01 8.800294417812876135e-01 7.601012269645463816e-03
-4.635614567449800050e-01 1.032422269160612055e-01 -8.800294417812876135e-01 7.601012269645463816e-03
1.032422269160612055e-01 4.635614567449800050e-01 8.800294417812876135e-01 7.601012269645463816e-03
1.032422269160612055e-01 -4.635614567449800050e-01 8.800294417812876135e-01 7.601012269645463816e-03
-1.032422269160612055e-01 -4.635614567449800050e-01 8.800294417812876135e-01 7.601012269645463816e-03
-1.032422269160612055e-01 4.635614567449800050e-01 -8.800294417812876135e-01 7.601012269645463816e-03
8.800294417812876135e-01 4.635614567449800050e-01 1.032422269160612055e-01 7.601012269645463816e-03
8.800294417812876135e-01 -4.635614567449800050e-01 1.032422269160612055e-01 7.601012269645463816e-03
-8.800294417812876135e-01 -4.635614567449800050e-01 1.032422269160612055e-01 7.601012269645463816e-03
-8.800294417812876135e-01 4.635614567449800050e-01 -1.032422269160612055e-01 7.601012269645463816e-03
8.800294417812876135e-01 1.032422269160612055e-01 4.635614567449800050e-01 7.601012269645463816e-03
8.800294417812876135e-01 -1.032422269160612055e-01 4.635614567449800050e-01 7.601012269645463816e-03
-8.800294417812876135e-01 -1.032422269160612055e-01 4.635614567449800050e-01 7.601012269645463816e-03
-8.800294417812876135e-01 1.032422269160612055e-01 -4.635614567449800050e-01 7.601012269645463816e-03
4.635614567449800050e-01 8.800294417812876135e-01 1.032422269160612055e-01 7.601012269645463816e-03
4.635614567449800050e-01 -8.800294417812876135e-01 1.032422269160612055e-01 7.601012269645463816e-03
-4.635614567449800050e-01 -8.800294417812876135e-01 1.032422269160612055e-01 7.601012269645463816e-03
-4.635614567449800050e-01 8.800294417812876135e-01 -1.032422269160612055e-01 7.601012269645463816e-03
1.032422269160612055e-01 8.800294417812876135e-01 4.635614567449800050e-01 7.601012269645463816e-03
1.032422269160612055e-01 -8.800294417812876135e-01 4.635614567449800050e-01 7.601012269645463816e-03
-1.032422269160612055e-01 -8.800294417812876135e-01 4.635614567449800050e-01 7.601012269645463816e-03
-1.032422269160612055e-01 8.800294417812876135e-01 -4.635614567449800050e-01 7.601012269645463816e-03
5.215860931591574934e-01 1.566322094006253884e-01 8.386979780595904543e-01 7.794118356916185028e-03
5.215860931591574934e-01 -1.566322094006253884e-01 8.386979780595904543e-01 7.794118356916185028e-03
-5.215860931591574934e-01 -1.566322094006253884e-01 8.386979780595904543e-01 7.794118356916185028e-03
-5.215860931591574934e-01 1.566322094006253884e-01 -8.386979780595904543e-01 7.794118356916185028e-03
1.566322094006253884e-01 5.215860931591574934e-01 8.386979780595904543e-01 7.794118356916185028e-03
1.566322094006253884e-01 -5.215860931591574934e-01 8.386979780595904543e-01 7.794118356916185028e-03
-1.566322094006253884e-01 -5.215860931591574934e-01 8.386979780595904543e-01 7.794118356916185028e-03
-1.566322094006253884e-01 5.215860931591574934e-01 -8.386979780595904543e-01 7.794118356916185028e-03
8.386979780595904543e-01 5.215860931591574934e-01 1.566322094006253884e-01 7.794118356916185028e-03
8.386979780595904543e-01 -5.215860931591574934e-01 1.566322094006253884e-01 7.794118356916185028e-03
-8.386979780595904543e-01 -5.215860931591574934e-01 1.566322094006253884e-01 7.794118356916185028e-03
-8.386979780595904543e-01 5.215860931591574934e-01 -1.566322094006253884e-01 7.794118356916185028e-03
8.386979780595904543e-01 1.566322094006253884e-01 5.215860931591574934e-01 7.794118356916185028e-03
8.386979780595904543e-01 -1.566322094006253884e-01 5.215860931591574934e-01 7.794118356916185028e-03
-8.386979780595904543e-01 -1.566322094006253884e-01 5.215860931591574934e-01 7.794118356916185028e-03
-8.386979780595904543e-01 1.566322094006253884e-01 -5.215860931591574934e-01 7.794118356916185028e-03
5.215860931591574934e-01 8.386979780595904543e-01 1.566322094006253884e-01 7.794118356916185028e-03
5.215860931591574934e-01 -8.386979780595904543e-01 1.566322094006253884e-01 7.794118356916185028e-03
-5.215860931591574934e-01 -8.386979780595904543e-01 1.566322094006253884e-01 7.794118356916185028e-03
-5.215860931591574934e-01 8.386979780595904543e-01 -1.566322094006253884e-01 7.794118356916185028e-03
1.566322094006253884e-01 8.386979780595904543e-01 5.215860931591574934e-01 7.794118356916185028e-03
1.566322094006253884e-01 -8.386979780595904543e-01 5.215860931591574934e-01 7.794118356916185028e-03
-1.566322094006253884e-01 -8.386979780595904543e-01 5.215860931591574934e-01 7.794118356916185028e-03
-1.566322094006253884e-01 8.386979780595904543e-01 -5.215860931591574934e-01 7.794118356916185028e-03
5.758202499099270844e-01 2.098082827491098978e-01 7.901971426698141121e-01 7.915563545854509622e-03
5.758202499099270844e-01 -2.098082827491098978e-01 7.901971426698141121e-01 7.915563545854509622e-03
-5.758202499099270844e-01 -2.098082827491098978e-01 7.901971426698141121e-01 7.915563545854509622e-03
-5.758202499099270844e-01 2.098082827491098978e-01 -7.901971426698141121e-01 7.915563545854509622e-03
2.098082827491098978e-01 5.758202499099270844e-01 7.901971426698141121e-01 7.915563545854509622e-03
2.098082827491098978e-01 -5.758202499099270844e-01 7.901971426698141121e-01 7.915563545854509622e-03
-2.098082827491098978e-01 -5.758202499099270844e-01 7.901971426698141121e-01 7.915563545854509622e-03
-2.098082827491098978e-01 5.758202499099270844e-01 -7.901971426698141121e-01 7.915563545854509622e-03
7.901971426698141121e-01 5.758202499099270844e-01 2.098082827491098978e-01 7.915563545854509622e-03
7.901971426698141121e-01 -5.758202499099270844e-01 2.098082827491098978e-01 7.915563545854509622e-03
-7.901971426698141121e-01 -5.758202499099270844e-01 2.098082827491098978e-01 7.915563545854509622e-03
-7.901971426698141121e-01 5.758202499099270844e-01 -2.098082827491098978e-01 7.915563545854509622e-03
7.901971426698141121e-01 2.098082827491098978e-01 5.758202499099270844e-01 7.915563545854509622e-03
7.901971426698141121e-01 -2.098082827491098978e-01 5.758202499099270844e-01 7.915563545854509622e-03
-7.901971426698141121e-01 -2.098082827491098978e-01 5.758202499099270844e-01 7.915563545854509622e-03
-7.901971426698141121e-01 2.098082827491098978e-01 -5.758202499099270844e-01 7.915563545854509622e-03
5.758202499099270844e-01 7.901971426698141121e-01 2.098082827491098978e-01 7.915563545854509622e-03
5.758202499099270844e-01 -7.901971426698141121e-01 2.098082827491098978e-01 7.915563545854509622e-03
-5.758202499099270844e-01 -7.901971426698141121e-01 2.098082827491098978e-01 7.915563545854509622e-03
-5.758202499099270844e-01 7.901971426698141121e-01 -2.098082827491098978e-01 7.915563545854509622e-03
2.098082827491098978e-01 7.901971426698141121e-01 5.758202499099270844e-01 7.915563545854509622e-03
2.098082827491098978e-01 -7.901971426698141121e-01 5.758202499099270844e-01 7.915563545854509622e-03
-2.098082827491098978e-01 -7.901971426698141121e-01 5.758202499099270844e-01 7.915563545854509622e-03
-2.098082827491098978e-01 7.901971426698141121e-01 -5.758202499099270844e-01 7.915563545854509622e-03
6.259893683876794901e-01 2.618824114553390814e-01 7.345440172215212948e-01 7.976783211746312635e-03
6.259893683876794901e-01 -2.618824114553390814e-01 7.345440172215212948e-01 7.976783211746312635e-03
-6.259893683876794901e-01 -2.618824114553390814e-01 7.345440172215212948e-01 7.976783211746312635e-03
-6.259893683876794901e-01 2.618824114553390814e-01 -7.345440172215212948e-01 7.976783211746312635e-03
2.618824114553390814e-01 6.259893683876794901e-01 7.345440172215212948e-01 7.976783211746312635e-03
2.618824114553390814e-01 -6.259893683876794901e-01 7.345440172215212948e-01 7.976783211746312635e-03
-2.618824114553390814e-01 -6.259893683876794901e-01 7.345440172215212948e-01 7.976783211746312635e-03
-2.618824114553390814e-01 6.259893683876794901e-01 -7.345440172215212948e-01 7.976783211746312635e-03
7.345440172215212948e-01 6.259893683876794901e-01 2.618824114553390814e-01 7.976783211746312635e-03
7.345440172215212948e-01 -6.259893683876794901e-01 2.618824114553390814e-01 7.976783211746312635e-03
-7.345440172215212948e-01 -6.259893683876794901e-01 2.618824114553390814e-01 7.976783211746312635e-03
-7.345440172215212948e-01 6.259893683876794901e-01 -2.618824114553390814e-01 7.976783211746312635e-03
7.345440172215212948e-01 2.618824114553390814e-01 6.259893683876794901e-01 7.976783211746312635e-03
7.345440172215212948e-01 -2.618824114553390814e-01 6.259893683876794901e-01 7.976783211746312635e-03
-7.345440172215212948e-01 -2.618824114553390814e-01 6.259893683876794901e-01 7.976783211746312635e-03
-7.345440172215212948e-01 2.618824114553390814e-01 -6.259893683876794901e-01 7.976783211746312635e-03
6.259893683876794901e-01 7.345440172215212948e-01 2.618824114553390814e-01 7.976783211746312635e-03
6.259893683876794901e-01 -7.345440172215212948e-01 2.618824114553390814e-01 7.976783211746312635e-03
-6.259893683876794901e-01 -7.345440172215212948e-01 2.618824114553390814e-01 7.976783211746312635e-03
-6.259893683876794901e-01 7.345440172215212948e-01 -2.618824114553390814e-01 7.976783211746312635e-03
2.618824114553390814e-01 7.345440172215212948e-01 6.259893683876794901e-01 7.976783211746312635e-03
2.618824114553390814e-01 -7.345440172215212948e-01 6.259893683876794901e-01 7.976783211746312635e-03
-2.618824114553390814e-01 -7.345440172215212948e-01 6.259893683876794901e-01 7.976783211746312635e-03
-2.618824114553390814e-01 7.345440172215212948e-01 -6.259893683876794901e-01 7.976783211746312635e-03
5.313795124811890869e-01 5.263245019338556180e-02 8.454972731487042648e-01 7.795898588781876443e-03
5.313795124811890869e-01 -5.263245019338556180e-02 8.454972731487042648e-01 7.795898588781876443e-03
-5.313795124811890869e-01 -5.263245019338556180e-02 8.454972731487042648e-01 7.795898588781876443e-03
-5.313795124811890869e-01 5.263245019338556180e-02 -8.454972731487042648e-01 7.795898588781876443e-03
5.263245019338556180e-02 5.313795124811890869e-01 8.454972731487042648e-01 7.795898588781876443e-03
5.263245019338556180e-02 -5.313795124811890869e-01 8.454972731487042648e-01 7.795898588781876443e-03
-5.263245019338556180e-02 -5.313795124811890869e-01 8.454972731487042648e-01 7.795898588781876443e-03
-5.263245019338556180e-02 5.313795124811890869e-01 -8.454972731487042648e-01 7.795898588781876443e-03
8.454972731487042648e-01 5.313795124811890869e-01 5.263245019338556180e-02 7.795898588781876443e-03
8.454972731487042648e-01 -5.313795124811890869e-01 5.263245019338556180e-02 7.795898588781876443e-03
-8.454972731487042648e-01 -5.313795124811890869e-01 5.263245019338556180e-02 7.795898588781876443e-03
-8.454972731487042648e-01 5.313795124811890869e-01 -5.263245019338556180e-02 7.795898588781876443e-03
8.454972731487042648e-01 5.263245019338556180e-02 5.313795124811890869e-01 7.795898588781876443e-03
8.454972731487042648e-01 -5.263245019338556180e-02 5.313795124811890869e-01 7.795898588781876443e-03
-8.454972731487042648e-01 -5.263245019338556180e-02 5.313795124811890869e-01 7.795898588781876443e-03
-8.454972731487042648e-01 5.263245019338556180e-02 -5.313795124811890869e-01 7.795898588781876443e-03
5.313795124811890869e-01 8.454972731487042648e-01 5.263245019338556180e-02 7.795898588781876443e-03
5.313795124811890869e-01 -8.454972731487042648e-01 5.263245019338556180e-02 7.795898588781876443e-03
-5.313795124811890869e-01 -8.454972731487042648e-01 5.263245019338556180e-02 7.795898588781876443e-03
-5.313795124811890869e-01 8.454972731487042648e-01 -5.263245019338556180e-02 7.795898588781876443e-03
5.263245019338556180e-02 8.454972731487042648e-01 5.313795124811890869e-01 7.795898588781876443e-03
5.263245019338556180e-02 -8.454972731487042648e-01 5.313795124811890869e-01 7.795898588781876443e-03
-5.263245019338556180e-02 -8.454972731487042648e-01 5.313795124811890869e-01 7.795898588781876443e-03
-5.263245019338556180e-02 8.454972731487042648e-01 -5.313795124811890869e-01 7.795898588781876443e-03
5.893317955931994812e-01 1.061059730982004956e-01 8.008929748573022644e-01 7.927387674786236585e-03
5.893317955931994812e-01 -1.061059730982004956e-01 8.008929748573022644e-01 7.927387674786236585e-03
-5.893317955931994812e-01 -1.061059730982004956e-01 8.008929748573022644e-01 7.927387674786236585e-03
-5.893317955931994812e-01 1.061059730982004956e-01 -8.008929748573022644e-01 7.927387674786236585e-03
1.061059730982004956e-01 5.893317955931994812e-01 8.008929748573022644e-01 7.927387674786236585e-03
1.061059730982004956e-01 -5.893317955931994812e-01 8.008929748573022644e-01 7.927387674786236585e-03
-1.061059730982004956e-01 -5.893317955931994812e-01 8.008929748573022644e-01 7.927387674786236585e-03
-1.061059730982004956e-01 5.893317955931994812e-01 -8.008929748573022644e-01 7.927387674786236585e-03
8.008929748573022644e-01 5.893317955931994812e-01 1.061059730982004956e-01 7.927387674786236585e-03
8.008929748573022644e-01 -5.893317955931994812e-01 1.061059730982004956e-01 7.927387674786236585e-03
-8.008929748573022644e-01 -5.893317955931994812e-01 1.061059730982004956e-01 7.927387674786236585e-03
-8.008929748573022644e-01 5.893317955931994812e-01 -1.061059730982004956e-01 7.927387674786236585e-03
8.008929748573022644e-01 1.061059730982004956e-01 5.893317955931994812e-01 7.927387674786236585e-03
8.008929748573022644e-01 -1.061059730982004956e-01 5.893317955931994812e-01 7.927387674786236585e-03
-8.008929748573022644e-01 -1.061059730982004956e-01 5.893317955931994812e-01 7.927387674786236585e-03
-8.008929748573022644e-01 1.061059730982004956e-01 -5.893317955931994812e-01 7.927387674786236585e-03
5.893317955931994812e-01 8.008929748573022644e-01 1.061059730982004956e-01 7.927387674786236585e-03
5.893317955931994812e-01 -8.008929748573022644e-01 1.061059730982004956e-01 7.927387674786236585e-03
-5.893317955931994812e-01 -8.008929748573022644e-01 1.061059730982004956e-01 7.927387674786236585e-03
-5.893317955931994812e-01 8.008929748573022644e-01 -1.061059730982004956e-01 7.927387674786236585e-03
1.061059730982004956e-01 8.008929748573022644e-01 5.893317955931994812e-01 7.927387674786236585e-03
1.061059730982004956e-01 -8.008929748573022644e-01 5.893317955931994812e-01 7.927387674786236585e-03
-1.061059730982004956e-01 -8.008929748573022644e-01 5.893317955931994812e-01 7.927387674786236585e-03
-1.061059730982004956e-01 8.008929748573022644e-01 -5.893317955931994812e-01 7.927387674786236585e-03
6.426246321215800528e-01 1.594171564034221056e-01 7.494129385291200540e-01 7.995612757419291380e-03
6.426246321215800528e-01 -1.594171564034221056e-01 7.494129385291200540e-01 7.995612757419291380e-03
-6.426246321215800528e-01 -1.594171564034221056e-01 7.494129385291200540e-01 7.995612757419291380e-03
-6.426246321215800528e-01 1.594171564034221056e-01 -7.494129385291200540e-01 7.995612757419291380e-03
1.594171564034221056e-01 6.426246321215800528e-01 7.494129385291200540e-01 7.995612757419291380e-03
1.594171564034221056e-01 -6.426246321215800528e-01 7.494129385291200540e-01 7.995612757419291380e-03
-1.594171564034221056e-01 -6.426246321215800528e-01 7.494129385291200540e-01 7.995612757419291380e-03
-1.594171564034221056e-01 6.426246321215800528e-01 -7.494129385291200540e-01 7.995612757419291380e-03
7.494129385291200540e-01 6.426246321215800528e-01 1.594171564034221056e-01 7.995612757419291380e-03
7.494129385291200540e-01 -6.426246321215800528e-01 1.594171564034221056e-01 7.995612757419291380e-03
-7.494129385291200540e-01 -6.426246321215800528e-01 1.594171564034221056e-01 7.995612757419291380e-03
-7.494129385291200540e-01 6.426246321215800528e-01 -1.594171564034221056e-01 7.995612757419291380e-03
7.494129385291200540e-01 1.594171564034221056e-01 6.426246321215800528e-01 7.995612757419291380e-03
7.494129385291200540e-01 -1.594171564034221056e-01 6.426246321215800528e-01 7.995612757419291380e-03
-7.494129385291200540e-01 -1.594171564034221056e-01 6.426246321215800528e-01 7.995612757419291380e-03
-7.494129385291200540e-01 1.594171564034221056e-01 -6.426246321215800528e-01 7.995612757419291380e-03
6.426246321215800528e-01 7.494129385291200540e-01 1.594171564034221056e-01 7.995612757419291380e-03
6.426246321215800528e-01 -7.494129385291200540e-01 1.594171564034221056e-01 7.995612757419291380e-03
-6.426246321215800528e-01 -7.494129385291200540e-01 1.594171564034221056e-01 7.995612757419291380e-03
-6.426246321215800528e-01 7.494129385291200540e-01 -1.594171564034221056e-01 7.995612757419291380e-03
1.594171564034221056e-01 7.494129385291200540e-01 6.426246321215800528e-01 7.995612757419291380e-03
1.594171564034221056e-01 -7.494129385291200540e-01 6.426246321215800528e-01 7.995612757419291380e-03
-1.594171564034221056e-01 -7.494129385291200540e-01 6.426246321215800528e-01 7.995612757419291380e-03
-1.594171564034221056e-01 7.494129385291200540e-01 -6.426246321215800528e-01 7.995612757419291380e-03
6.511904367376113445e-01 5.354789536565539992e-02 7.570228781241606919e-01 8.011581728444459524e-03
6.511904367376113445e-01 -5.354789536565539992e-02 7.570228781241606919e-01 8.011581728444459524e-03
-6.511904367376113445e-01 -5.354789536565539992e-02 7.570228781241606919e-01 8.011581728444459524e-03
-6.511904367376113445e-01 5.354789536565539992e-02 -7.570228781241606919e-01 8.011581728444459524e-03
5.354789536565539992e-02 6.511904367376113445e-01 7.570228781241606919e-01 8.011581728444459524e-03
5.354789536565539992e-02 -6.511904367376113445e-01 7.570228781241606919e-01 8.011581728444459524e-03
-5.354789536565539992e-02 -6.511904367376113445e-01 7.570228781241606919e-01 8.011581728444459524e-03
-5.354789536565539992e-02 6.511904367376113445e-01 -7.570228781241606919e-01 8.011581728444459524e-03
7.570228781241606919e-01 6.511904367376113445e-01 5.354789536565539992e-02 8.011581728444459524e-03
7.570228781241606919e-01 -6.511904367376113445e-01 5.354789536565539992e-02 8.011581728444459524e-03
-7.570228781241606919e-01 -6.511904367376113445e-01 5.354789536565539992e-02 8.011581728444459524e-03
-7.570228781241606919e-01 6.511904367376113445e-01 -5.354789536565539992e-02 8.011581728444459524e-03
7.570228781241606919e-01 5.354789536565539992e-02 6.511904367376113445e-01 8.011581728444459524e-03
7.570228781241606919e-01 -5.354789536565539992e-02 6.511904367376113445e-01 8.011581728444459524e-03
-7.570228781241606919e-01 -5.354789536565539992e-02 6.511904367376113445e-01 8.011581728444459524e-03
-7.570228781241606919e-01 5.354789536565539992e-02 -6.511904367376113445e-01 8.011581728444459524e-03
6.511904367376113445e-01 7.570228781241606919e-01 5.354789536565539992e-02 8.011581728444459524e-03
6.511904367376113445e-01 -7.570228781241606919e-01 5.354789536565539992e-02 8.011581728444459524e-03
-6.511904367376113445e-01 -7.570228781241606919e-01 5.354789536565539992e-02 8.011581728444459524e-03
-6.511904367376113445e-01 7.570228781241606919e-01 -5.354789536565539992e-02 8.011581728444459524e-03
5.354789536565539992e-02 7.570228781241606919e-01 6.511904367376113445e-01 8.011581728444459524e-03
5.354789536565539992e-02 -7.570228781241606919e-01 6.511904367376113445e-01 8.011581728444459524e-03
-5.354789536565539992e-02 -7.570228781241606919e-01 6.511904367376113445e-01 8.011581728444459524e-03
-5.354789536565539992e-02 7.570228781241606919e-01 -6.511904367376113445e-01 8.011581728444459524e-03
