1.000000000000000000e+00 0.000000000000000000e+00 0.000000000000000000e+00 9.773068422726587882e-04
0.000000000000000000e+00 1.000000000000000000e+00 0.000000000000000000e+00 9.773068422726587882e-04
0.000000000000000000e+00 0.000000000000000000e+00 1.000000000000000000e+00 9.773068422726587882e-04
5.773502691896257311e-01 5.773502691896257311e-01 5.773502691896257311e-01 9.497218579809927480e-03
5.773502691896257311e-01 -5.773502691896257311e-01 5.773502691896257311e-01 9.497218579809927480e-03
-5.773502691896257311e-01 -5.773502691896257311e-01 5.773502691896257311e-01 9.497218579809927480e-03
-5.773502691896257311e-01 5.773502691896257311e-01 -5.773502691896257311e-01 9.497218579809927480e-03
3.229290663413854345e-02 3.229290663413854345e-02 9.989566238642384466e-01 3.570902355762674459e-03
3.229290663413854345e-02 -3.229290663413854345e-02 9.989566238642384466e-01 3.570902355762674459e-03
-3.229290663413854345e-02 -3.229290663413854345e-02 9.989566238642384466e-01 3.570902355762674459e-03
3.229290663413854345e-02 -3.229290663413854345e-02 -9.989566238642384466e-01 3.570902355762674459e-03
-3.229290663413854345e-02 9.989566238642384466e-01 3.229290663413854345e-02 3.570902355762674459e-03
3.229290663413854345e-02 9.989566238642384466e-01 -3.229290663413854345e-02 3.570902355762674459e-03
-3.229290663413854345e-02 9.989566238642384466e-01 -3.229290663413854345e-02 3.570902355762674459e-03
-3.229290663413854345e-02 -9.989566238642384466e-01 -3.229290663413854345e-02 3.570902355762674459e-03
9.989566238642384466e-01 3.229290663413854345e-02 3.229290663413854345e-02 3.570902355762674459e-03
9.989566238642384466e-01 -3.229290663413854345e-02 3.229290663413854345e-02 3.570902355762674459e-03
-9.989566238642384466e-01 -3.229290663413854345e-02 3.229290663413854345e-02 3.570902355762674459e-03
9.989566238642384466e-01 -3.229290663413854345e-02 -3.229290663413854345e-02 3.570902355762674459e-03
8.036733271462222217e-02 8.036733271462222217e-02 9.935200972625940485e-01 5.497057197309650027e-03
8.036733271462222217e-02 -8.036733271462222217e-02 9.935200972625940485e-01 5.497057197309650027e-03
-8.036733271462222217e-02 -8.036733271462222217e-02 9.935200972625940485e-01 5.497057197309650027e-03
8.036733271462222217e-02 -8.036733271462222217e-02 -9.935200972625940485e-01 5.497057197309650027e-03
-8.036733271462222217e-02 9.935200972625940485e-01 8.036733271462222217e-02 5.497057197309650027e-03
8.036733271462222217e-02 9.935200972625940485e-01 -8.036733271462222217e-02 5.497057197309650027e-03
-8.036733271462222217e-02 9.935200972625940485e-01 -8.036733271462222217e-02 5.497057197309650027e-03
-8.036733271462222217e-02 -9.935200972625940485e-01 -8.036733271462222217e-02 5.497057197309650027e-03
9.935200972625940485e-01 8.036733271462222217e-02 8.036733271462222217e-02 5.497057197309650027e-03
9.935200972625940485e-01 -8.036733271462222217e-02 8.036733271462222217e-02 5.497057197309650027e-03
-9.935200972625940485e-01 -8.036733271462222217e-02 8.036733271462222217e-02 5.497057197309650027e-03
9.935200972625940485e-01 -8.036733271462222217e-02 -8.036733271462222217e-02 5.497057197309650027e-03
1.354289960531653014e-01 1.354289960531653014e-01 9.814876331651171126e-01 6.807422547654483000e-03
1.354289960531653014e-01 -1.354289960531653014e-01 9.814876331651171126e-01 6.807422547654483000e-03
-1.354289960531653014e-01 -1.354289960531653014e-01 9.814876331651171126e-01 6.807422547654483000e-03
1.354289960531653014e-01 -1.354289960531653014e-01 -9.814876331651171126e-01 6.807422547654483000e-03
-1.354289960531653014e-01 9.814876331651171126e-01 1.354289960531653014e-01 6.807422547654483000e-03
1.354289960531653014e-01 9.814876331651171126e-01 -1.354289960531653014e-01 6.807422547654483000e-03
-1.354289960531653014e-01 9.814876331651171126e-01 -1.354289960531653014e-01 6.807422547654483000e-03
-1.354289960531653014e-01 -9.814876331651171126e-01 -1.354289960531653014e-01 6.807422547654483000e-03
9.814876331651171126e-01 1.354289960531653014e-01 1.354289960531653014e-01 6.807422547654483000e-03
9.814876331651171126e-01 -1.354289960531653014e-01 1.354289960531653014e-01 6.807422547654483000e-03
-9.814876331651171126e-01 -1.354289960531653014e-01 1.354289960531653014e-01 6.807422547654483000e-03
9.814876331651171126e-01 -1.354289960531653014e-01 -1.354289960531653014e-01 6.807422547654483000e-03
1.938963861114426090e-01 1.938963861114426090e-01 9.616695809402753259e-01 7.725805773822261996e-03
1.938963861114426090e-01 -1.938963861114426090e-01 9.616695809402753259e-01 7.725805773822261996e-03
-1.938963861114426090e-01 -1.938963861114426090e-01 9.616695809402753259e-01 7.725805773822261996e-03
1.938963861114426090e-01 -1.938963861114426090e-01 -9.616695809402753259e-01 7.725805773822261996e-03
-1.938963861114426090e-01 9.616695809402753259e-01 1.938963861114426090e-01 7.725805773822261996e-03
1.938963861114426090e-01 9.616695809402753259e-01 -1.938963861114426090e-01 7.725805773822261996e-03
-1.938963861114426090e-01 9.616695809402753259e-01 -1.938963861114426090e-01 7.725805773822261996e-03
-1.938963861114426090e-01 -9.616695809402753259e-01 -1.938963861114426090e-01 7.725805773822261996e-03
9.616695809402753259e-01 1.938963861114426090e-01 1.938963861114426090e-01 7.725805773822261996e-03
9.616695809402753259e-01 -1.938963861114426090e-01 1.938963861114426090e-01 7.725805773822261996e-03
-9.616695809402753259e-01 -1.938963861114426090e-01 1.938963861114426090e-01 7.725805773822261996e-03
9.616695809402753259e-01 -1.938963861114426090e-01 -1.938963861114426090e-01 7.725805773822261996e-03
2.537343715011274869e-01 2.537343715011274869e-01 9.334011664005223974e-01 8.374725102886327460e-03
2.537343715011274869e-01 -2.537343715011274869e-01 9.334011664005223974e-01 8.374725102886327460e-03
-2.537343715011274869e-01 -2.537343715011274869e-01 9.334011664005223974e-01 8.374725102886327460e-03
2.537343715011274869e-01 -2.537343715011274869e-01 -9.334011664005223974e-01 8.374725102886327460e-03
-2.537343715011274869e-01 9.334011664005223974e-01 2.537343715011274869e-01 8.374725102886327460e-03
2.537343715011274869e-01 9.334011664005223974e-01 -2.537343715011274869e-01 8.374725102886327460e-03
-2.537343715011274869e-01 9.334011664005223974e-01 -2.537343715011274869e-01 8.374725102886327460e-03
-2.537343715011274869e-01 -9.334011664005223974e-01 -2.537343715011274869e-01 8.374725102886327460e-03
9.334011664005223974e-01 2.537343715011274869e-01 2.537343715011274869e-01 8.374725102886327460e-03
9.334011664005223974e-01 -2.537343715011274869e-01 2.537343715011274869e-01 8.374725102886327460e-03
-9.334011664005223974e-01 -2.537343715011274869e-01 2.537343715011274869e-01 8.374725102886327460e-03
9.334011664005223974e-01 -2.537343715011274869e-01 -2.537343715011274869e-01 8.374725102886327460e-03
3.135251434752570066e-01 3.135251434752570066e-01 8.963280475460081442e-01 8.827924813955660699e-03
3.135251434752570066e-01 -3.135251434752570066e-01 8.963280475460081442e-01 8.827924813955660699e-03
-3.135251434752570066e-01 -3.135251434752570066e-01 8.963280475460081442e-01 8.827924813955660699e-03
3.135251434752570066e-01 -3.135251434752570066e-01 -8.963280475460081442e-01 8.827924813955660699e-03
-3.135251434752570066e-01 8.963280475460081442e-01 3.135251434752570066e-01 8.827924813955660699e-03
3.135251434752570066e-01 8.963280475460081442e-01 -3.135251434752570066e-01 8.827924813955660699e-03
-3.135251434752570066e-01 8.963280475460081442e-01 -3.135251434752570066e-01 8.827924813955660699e-03
-3.135251434752570066e-01 -8.963280475460081442e-01 -3.135251434752570066e-01 8.827924813955660699e-03
8.963280475460081442e-01 3.135251434752570066e-01 3.135251434752570066e-01 8.827924813955660699e-03
8.963280475460081442e-01 -3.135251434752570066e-01 3.135251434752570066e-01 8.827924813955660699e-03
-8.963280475460081442e-01 -3.135251434752570066e-01 3.135251434752570066e-01 8.827924813955660699e-03
8.963280475460081442e-01 -3.135251434752570066e-01 -3.135251434752570066e-01 8.827924813955660699e-03
3.721558339375338198e-01 3.721558339375338198e-01 8.502941082546188190e-01 9.133881295854972410e-03
3.721558339375338198e-01 -3.721558339375338198e-01 8.502941082546188190e-01 9.133881295854972410e-03
-3.721558339375338198e-01 -3.721558339375338198e-01 8.502941082546188190e-01 9.133881295854972410e-03
3.721558339375338198e-01 -3.721558339375338198e-01 -8.502941082546188190e-01 9.133881295854972410e-03
-3.721558339375338198e-01 8.502941082546188190e-01 3.721558339375338198e-01 9.133881295854972410e-03
3.721558339375338198e-01 8.502941082546188190e-01 -3.721558339375338198e-01 9.133881295854972410e-03
-3.721558339375338198e-01 8.502941082546188190e-01 -3.721558339375338198e-01 9.133881295854972410e-03
-3.721558339375338198e-01 -8.502941082546188190e-01 -3.721558339375338198e-01 9.133881295854972410e-03
8.502941082546188190e-01 3.721558339375338198e-01 3.721558339375338198e-01 9.133881295854972410e-03
8.502941082546188190e-01 -3.721558339375338198e-01 3.721558339375338198e-01 9.133881295854972410e-03
-8.502941082546188190e-01 -3.721558339375338198e-01 3.721558339375338198e-01 9.133881295854972410e-03
8.502941082546188190e-01 -3.721558339375338198e-01 -3.721558339375338198e-01 9.133881295854972410e-03
4.286809575195695832e-01 4.286809575195695832e-01 7.952768532531360179e-01 9.327561419091873890e-03
4.286809575195695832e-01 -4.286809575195695832e-01 7.952768532531360179e-01 9.327561419091873890e-03
-4.286809575195695832e-01 -4.286809575195695832e-01 7.952768532531360179e-01 9.327561419091873890e-03
4.286809575195695832e-01 -4.286809575195695832e-01 -7.952768532531360179e-01 9.327561419091873890e-03
-4.286809575195695832e-01 7.952768532531360179e-01 4.286809575195695832e-01 9.327561419091873890e-03
4.286809575195695832e-01 7.952768532531360179e-01 -4.286809575195695832e-01 9.327561419091873890e-03
-4.286809575195695832e-01 7.952768532531360179e-01 -4.286809575195695832e-01 9.327561419091873890e-03
-4.286809575195695832e-01 -7.952768532531360179e-01 -4.286809575195695832e-01 9.327561419091873890e-03
7.952768532531360179e-01 4.286809575195695832e-01 4.286809575195695832e-01 9.327561419091873890e-03
7.952768532531360179e-01 -4.286809575195695832e-01 4.286809575195695832e-01 9.327561419091873890e-03
-7.952768532531360179e-01 -4.286809575195695832e-01 4.286809575195695832e-01 9.327561419091873890e-03
7.952768532531360179e-01 -4.286809575195695832e-01 -4.286809575195695832e-01 9.327561419091873890e-03
4.822510128282994080e-01 4.822510128282994080e-01 7.313466491699806005e-01 9.436772606560183546e-03
4.822510128282994080e-01 -4.822510128282994080e-01 7.313466491699806005e-01 9.436772606560183546e-03
-4.822510128282994080e-01 -4.822510128282994080e-01 7.313466491699806005e-01 9.436772606560183546e-03
4.822510128282994080e-01 -4.822510128282994080e-01 -7.313466491699806005e-01 9.436772606560183546e-03
-4.822510128282994080e-01 7.313466491699806005e-01 4.822510128282994080e-01 9.436772606560183546e-03
4.822510128282994080e-01 7.313466491699806005e-01 -4.822510128282994080e-01 9.436772606560183546e-03
-4.822510128282994080e-01 7.313466491699806005e-01 -4.822510128282994080e-01 9.436772606560183546e-03
-4.822510128282994080e-01 -7.313466491699806005e-01 -4.822510128282994080e-01 9.436772606560183546e-03
7.313466491699806005e-01 4.822510128282994080e-01 4.822510128282994080e-01 9.436772606560183546e-03
7.313466491699806005e-01 -4.822510128282994080e-01 4.822510128282994080e-01 9.436772606560183546e-03
-7.313466491699806005e-01 -4.822510128282994080e-01 4.822510128282994080e-01 9.436772606560183546e-03
7.313466491699806005e-01 -4.822510128282994080e-01 -4.822510128282994080e-01 9.436772606560183546e-03
5.320679333566262770e-01 5.320679333566262770e-01 6.586405913601267592e-01 9.485768913077253020e-03
5.320679333566262770e-01 -5.320679333566262770e-01 6.586405913601267592e-01 9.485768913077253020e-03
-5.320679333566262770e-01 -5.320679333566262770e-01 6.586405913601267592e-01 9.485768913077253020e-03
5.320679333566262770e-01 -5.320679333566262770e-01 -6.586405913601267592e-01 9.485768913077253020e-03
-5.320679333566262770e-01 6.586405913601267592e-01 5.320679333566262770e-01 9.485768913077253020e-03
5.320679333566262770e-01 6.586405913601267592e-01 -5.320679333566262770e-01 9.485768913077253020e-03
-5.320679333566262770e-01 6.586405913601267592e-01 -5.320679333566262770e-01 9.485768913077253020e-03
-5.320679333566262770e-01 -6.586405913601267592e-01 -5.320679333566262770e-01 9.485768913077253020e-03
6.586405913601267592e-01 5.320679333566262770e-01 5.320679333566262770e-01 9.485768913077253020e-03
6.586405913601267592e-01 -5.320679333566262770e-01 5.320679333566262770e-01 9.485768913077253020e-03
-6.586405913601267592e-01 -5.320679333566262770e-01 5.320679333566262770e-01 9.485768913077253020e-03
6.586405913601267592e-01 -5.320679333566262770e-01 -5.320679333566262770e-01 9.485768913077253020e-03
6.172998195394273635e-01 6.172998195394273635e-01 4.877313457152213649e-01 9.492748164802276498e-03
6.172998195394273635e-01 -6.172998195394273635e-01 4.877313457152213649e-01 9.492748164802276498e-03
-6.172998195394273635e-01 -6.172998195394273635e-01 4.877313457152213649e-01 9.492748164802276498e-03
6.172998195394273635e-01 -6.172998195394273635e-01 -4.877313457152213649e-01 9.492748164802276498e-03
-6.172998195394273635e-01 4.877313457152213649e-01 6.172998195394273635e-01 9.492748164802276498e-03
6.172998195394273635e-01 4.877313457152213649e-01 -6.172998195394273635e-01 9.492748164802276498e-03
-6.172998195394273635e-01 4.877313457152213649e-01 -6.172998195394273635e-01 9.492748164802276498e-03
-6.172998195394273635e-01 -4.877313457152213649e-01 -6.172998195394273635e-01 9.492748164802276498e-03
4.877313457152213649e-01 6.172998195394273635e-01 6.172998195394273635e-01 9.492748164802276498e-03
4.877313457152213649e-01 -6.172998195394273635e-01 6.172998195394273635e-01 9.492748164802276498e-03
-4.877313457152213649e-01 -6.172998195394273635e-01 6.172998195394273635e-01 9.492748164802276498e-03
4.877313457152213649e-01 -6.172998195394273635e-01 -6.172998195394273635e-01 9.492748164802276498e-03
6.510679849127480878e-01 6.510679849127480878e-01 3.901550435958854313e-01 9.491564669884811761e-03
6.510679849127480878e-01 -6.510679849127480878e-01 3.901550435958854313e-01 9.491564669884811761e-03
-6.510679849127480878e-01 -6.510679849127480878e-01 3.901550435958854313e-01 9.491564669884811761e-03
6.510679849127480878e-01 -6.510679849127480878e-01 -3.901550435958854313e-01 9.491564669884811761e-03
-6.510679849127480878e-01 3.901550435958854313e-01 6.510679849127480878e-01 9.491564669884811761e-03
6.510679849127480878e-01 3.901550435958854313e-01 -6.510679849127480878e-01 9.491564669884811761e-03
-6.510679849127480878e-01 3.901550435958854313e-01 -6.510679849127480878e-01 9.491564669884811761e-03
-6.510679849127480878e-01 -3.901550435958854313e-01 -6.510679849127480878e-01 9.491564669884811761e-03
3.901550435958854313e-01 6.510679849127480878e-01 6.510679849127480878e-01 9.491564669884811761e-03
3.901550435958854313e-01 -6.510679849127480878e-01 6.510679849127480878e-01 9.491564669884811761e-03
-3.901550435958854313e-01 -6.510679849127480878e-01 6.510679849127480878e-01 9.491564669884811761e-03
3.901550435958854313e-01 -6.510679849127480878e-01 -6.510679849127480878e-01 9.491564669884811761e-03
6.777315251687360265e-01 6.777315251687360265e-01 2.852366729313007276e-01 9.506167394278711505e-03
6.777315251687360265e-01 -6.777315251687360265e-01 2.852366729313007276e-01 9.506167394278711505e-03
-6.777315251687360265e-01 -6.777315251687360265e-01 2.852366729313007276e-01 9.506167394278711505e-03
6.777315251687360265e-01 -6.777315251687360265e-01 -2.852366729313007276e-01 9.506167394278711505e-03
-6.777315251687360265e-01 2.852366729313007276e-01 6.777315251687360265e-01 9.506167394278711505e-03
6.777315251687360265e-01 2.852366729313007276e-01 -6.777315251687360265e-01 9.506167394278711505e-03
-6.777315251687360265e-01 2.852366729313007276e-01 -6.777315251687360265e-01 9.506167394278711505e-03
-6.777315251687360265e-01 -2.852366729313007276e-01 -6.777315251687360265e-01 9.506167394278711505e-03
2.852366729313007276e-01 6.777315251687360265e-01 6.777315251687360265e-01 9.506167394278711505e-03
2.852366729313007276e-01 -6.777315251687360265e-01 6.777315251687360265e-01 9.506167394278711505e-03
-2.852366729313007276e-01 -6.777315251687360265e-01 6.777315251687360265e-01 9.506167394278711505e-03
2.852366729313007276e-01 -6.777315251687360265e-01 -6.777315251687360265e-01 9.506167394278711505e-03
6.963109410648741227e-01 6.963109410648741227e-01 1.740751179999566745e-01 9.535351728456787149e-03
6.963109410648741227e-01 -6.963109410648741227e-01 1.740751179999566745e-01 9.535351728456787149e-03
-6.963109410648741227e-01 -6.963109410648741227e-01 1.740751179999566745e-01 9.535351728456787149e-03
6.963109410648741227e-01 -6.963109410648741227e-01 -1.740751179999566745e-01 9.535351728456787149e-03
-6.963109410648741227e-01 1.740751179999566745e-01 6.963109410648741227e-01 9.535351728456787149e-03
6.963109410648741227e-01 1.740751179999566745e-01 -6.963109410648741227e-01 9.535351728456787149e-03
-6.963109410648741227e-01 1.740751179999566745e-01 -6.963109410648741227e-01 9.535351728456787149e-03
-6.963109410648741227e-01 -1.740751179999566745e-01 -6.963109410648741227e-01 9.535351728456787149e-03
1.740751179999566745e-01 6.963109410648741227e-01 6.963109410648741227e-01 9.535351728456787149e-03
1.740751179999566745e-01 -6.963109410648741227e-01 6.963109410648741227e-01 9.535351728456787149e-03
-1.740751179999566745e-01 -6.963109410648741227e-01 6.963109410648741227e-01 9.535351728456787149e-03
1.740751179999566745e-01 -6.963109410648741227e-01 -6.963109410648741227e-01 9.535351728456787149e-03
7.058935009831749374e-01 7.058935009831749374e-01 5.855536302878518173e-02 9.560823791241032307e-03
7.058935009831749374e-01 -7.058935009831749374e-01 5.855536302878518173e-02 9.560823791241032307e-03
-7.058935009831749374e-01 -7.058935009831749374e-01 5.855536302878518173e-02 9.560823791241032307e-03
7.058935009831749374e-01 -7.058935009831749374e-01 -5.855536302878518173e-02 9.560823791241032307e-03
-7.058935009831749374e-01 5.855536302878518173e-02 7.058935009831749374e-01 9.560823791241032307e-03
7.058935009831749374e-01 5.855536302878518173e-02 -7.058935009831749374e-01 9.560823791241032307e-03
-7.058935009831749374e-01 5.855536302878518173e-02 -7.058935009831749374e-01 9.560823791241032307e-03
-7.058935009831749374e-01 -5.855536302878518173e-02 -7.058935009831749374e-01 9.560823791241032307e-03
5.855536302878518173e-02 7.058935009831749374e-01 7.058935009831749374e-01 9.560823791241032307e-03
5.855536302878518173e-02 -7.058935009831749374e-01 7.058935009831749374e-01 9.560823791241032307e-03
-5.855536302878518173e-02 -7.058935009831749374e-01 7.058935009831749374e-01 9.560823791241032307e-03
5.855536302878518173e-02 -7.058935009831749374e-01 -7.058935009831749374e-01 9.560823791241032307e-03
9.955546194091856593e-01 9.418598501386242494e-02 0.000000000000000000e+00 5.053792700051818257e-03
9.955546194091856593e-01 -9.418598501386242494e-02 0.000000000000000000e+00 5.053792700051818257e-03
9.418598501386242494e-02 9.955546194091856593e-01 0.000000000000000000e+00 5.053792700051818257e-03
9.418598501386242494e-02 -9.955546194091856593e-01 0.000000000000000000e+00 5.053792700051818257e-03
9.955546194091856593e-01 0.000000000000000000e+00 9.418598501386242494e-02 5.053792700051818257e-03
9.955546194091856593e-01 0.000000000000000000e+00 -9.418598501386242494e-02 5.053792700051818257e-03
9.418598501386242494e-02 0.000000000000000000e+00 9.955546194091856593e-01 5.053792700051818257e-03
9.418598501386242494e-02 0.000000000000000000e+00 -9.955546194091856593e-01 5.053792700051818257e-03
0.000000000000000000e+00 9.955546194091856593e-01 9.418598501386242494e-02 5.053792700051818257e-03
0.000000000000000000e+00 9.955546194091856593e-01 -9.418598501386242494e-02 5.053792700051818257e-03
0.000000000000000000e+00 9.418598501386242494e-02 9.955546194091856593e-01 5.053792700051818257e-03
0.000000000000000000e+00 9.418598501386242494e-02 -9.955546194091856593e-01 5.053792700051818257e-03
9.734115901794209158e-01 2.290630395859863389e-01 0.000000000000000000e+00 7.294617033156497281e-03
9.734115901794209158e-01 -2.290630395859863389e-01 0.000000000000000000e+00 7.294617033156497281e-03
2.290630395859863389e-01 9.734115901794209158e-01 0.000000000000000000e+00 7.294617033156497281e-03
2.290630395859863389e-01 -9.734115901794209158e-01 0.000000000000000000e+00 7.294617033156497281e-03
9.734115901794209158e-01 0.000000000000000000e+00 2.290630395859863389e-01 7.294617033156497281e-03
9.734115901794209158e-01 0.000000000000000000e+00 -2.290630395859863389e-01 7.294617033156497281e-03
2.290630395859863389e-01 0.000000000000000000e+00 9.734115901794209158e-01 7.294617033156497281e-03
2.290630395859863389e-01 0.000000000000000000e+00 -9.734115901794209158e-01 7.294617033156497281e-03
0.000000000000000000e+00 9.734115901794209158e-01 2.290630395859863389e-01 7.294617033156497281e-03
0.000000000000000000e+00 9.734115901794209158e-01 -2.290630395859863389e-01 7.294617033156497281e-03
0.000000000000000000e+00 2.290630395859863389e-01 9.734115901794209158e-01 7.294617033156497281e-03
0.000000000000000000e+00 2.290630395859863389e-01 -9.734115901794209158e-01 7.294617033156497281e-03
9.275693732388625712e-01 3.736509839800554178e-01 0.000000000000000000e+00 8.535269874745142482e-03
9.275693732388625712e-01 -3.736509839800554178e-01 0.000000000000000000e+00 8.535269874745142482e-03
3.736509839800554178e-01 9.275693732388625712e-01 0.000000000000000000e+00 8.535269874745142482e-03
3.736509839800554178e-01 -9.275693732388625712e-01 0.000000000000000000e+00 8.535269874745142482e-03
9.275693732388625712e-01 0.000000000000000000e+00 3.736509839800554178e-01 8.535269874745142482e-03
9.275693732388625712e-01 0.000000000000000000e+00 -3.736509839800554178e-01 8.535269874745142482e-03
3.736509839800554178e-01 0.000000000000000000e+00 9.275693732388625712e-01 8.535269874745142482e-03
3.736509839800554178e-01 0.000000000000000000e+00 -9.275693732388625712e-01 8.535269874745142482e-03
0.000000000000000000e+00 9.275693732388625712e-01 3.736509839800554178e-01 8.535269874745142482e-03
0.000000000000000000e+00 9.275693732388625712e-01 -3.736509839800554178e-01 8.535269874745142482e-03
0.000000000000000000e+00 3.736509839800554178e-01 9.275693732388625712e-01 8.535269874745142482e-03
0.000000000000000000e+00 3.736509839800554178e-01 -9.275693732388625712e-01 8.535269874745142482e-03
8.568022422795102955e-01 5.156451470001470749e-01 0.000000000000000000e+00 9.219620916266600338e-03
8.568022422795102955e-01 -5.156451470001470749e-01 0.000000000000000000e+00 9.219620916266600338e-03
5.156451470001470749e-01 8.568022422795102955e-01 0.000000000000000000e+00 9.219620916266600338e-03
5.156451470001470749e-01 -8.568022422795102955e-01 0.000000000000000000e+00 9.219620916266600338e-03
8.568022422795102955e-01 0.000000000000000000e+00 5.156451470001470749e-01 9.219620916266600338e-03
8.568022422795102955e-01 0.000000000000000000e+00 -5.156451470001470749e-01 9.219620916266600338e-03
5.156451470001470749e-01 0.000000000000000000e+00 8.568022422795102955e-01 9.219620916266600338e-03
5.156451470001470749e-01 0.000000000000000000e+00 -8.568022422795102955e-01 9.219620916266600338e-03
0.000000000000000000e+00 8.568022422795102955e-01 5.156451470001470749e-01 9.219620916266600338e-03
0.000000000000000000e+00 8.568022422795102955e-01 -5.156451470001470749e-01 9.219620916266600338e-03
0.000000000000000000e+00 5.156451470001470749e-01 8.568022422795102955e-01 9.219620916266600338e-03
0.000000000000000000e+00 5.156451470001470749e-01 -8.568022422795102955e-01 9.219620916266600338e-03
7.623495553719371598e-01 6.471654776208397575e-01 0.000000000000000000e+00 9.527654188675589025e-03
7.623495553719371598e-01 -6.471654776208397575e-01 0.000000000000000000e+00 9.527654188675589025e-03
6.471654776208397575e-01 7.623495553719371598e-01 0.000000000000000000e+00 9.527654188675589025e-03
6.471654776208397575e-01 -7.623495553719371598e-01 0.000000000000000000e+00 9.527654188675589025e-03
7.623495553719371598e-01 0.000000000000000000e+00 6.471654776208397575e-01 9.527654188675589025e-03
7.623495553719371598e-01 0.000000000000000000e+00 -6.471654776208397575e-01 9.527654188675589025e-03
6.471654776208397575e-01 0.000000000000000000e+00 7.623495553719371598e-01 9.527654188675589025e-03
6.471654776208397575e-01 0.000000000000000000e+00 -7.623495553719371598e-01 9.527654188675589025e-03
0.000000000000000000e+00 7.623495553719371598e-01 6.471654776208397575e-01 9.527654188675589025e-03
0.000000000000000000e+00 7.623495553719371598e-01 -6.471654776208397575e-01 9.527654188675589025e-03
0.000000000000000000e+00 6.471654776208397575e-01 7.623495553719371598e-01 9.527654188675589025e-03
0.000000000000000000e+00 6.471654776208397575e-01 -7.623495553719371598e-01 9.527654188675589025e-03
5.707522908892223024e-01 4.387028039889501185e-01 6.941049432304435829e-01 9.472854205286212678e-03
5.707522908892223024e-01 -4.387028039889501185e-01 6.941049432304435829e-01 9.472854205286212678e-03
-5.707522908892223024e-01 -4.387028039889501185e-01 6.941049432304435829e-01 9.472854205286212678e-03
-5.707522908892223024e-01 4.387028039889501185e-01 -6.941049432304435829e-01 9.472854205286212678e-03
4.387028039889501185e-01 5.707522908892223024e-01 6.941049432304435829e-01 9.472854205286212678e-03
4.387028039889501185e-01 -5.707522908892223024e-01 6.941049432304435829e-01 9.472854205286212678e-03
-4.387028039889501185e-01 -5.707522908892223024e-01 6.941049432304435829e-01 9.472854205286212678e-03
-4.387028039889501185e-01 5.707522908892223024e-01 -6.941049432304435829e-01 9.472854205286212678e-03
6.941049432304435829e-01 5.707522908892223024e-01 4.387028039889501185e-01 9.472854205286212678e-03
6.941049432304435829e-01 -5.707522908892223024e-01 4.387028039889501185e-01 9.472854205286212678e-03
-6.941049432304435829e-01 -5.707522908892223024e-01 4.387028039889501185e-01 9.472854205286212678e-03
-6.941049432304435829e-01 5.707522908892223024e-01 -4.387028039889501185e-01 9.472854205286212678e-03
6.941049432304435829e-01 4.387028039889501185e-01 5.707522908892223024e-01 9.472854205286212678e-03
6.941049432304435829e-01 -4.387028039889501185e-01 5.707522908892223024e-01 9.472854205286212678e-03
-6.941049432304435829e-01 -4.387028039889501185e-01 5.707522908892223024e-01 9.472854205286212678e-03
-6.941049432304435829e-01 4.387028039889501185e-01 -5.707522908892223024e-01 9.472854205286212678e-03
5.707522908892223024e-01 6.941049432304435829e-01 4.387028039889501185e-01 9.472854205286212678e-03
5.707522908892223024e-01 -6.941049432304435829e-01 4.387028039889501185e-01 9.472854205286212678e-03
-5.707522908892223024e-01 -6.941049432304435829e-01 4.387028039889501185e-01 9.472854205286212678e-03
-5.707522908892223024e-01 6.941049432304435829e-01 -4.387028039889501185e-01 9.472854205286212678e-03
4.387028039889501185e-01 6.941049432304435829e-01 5.707522908892223024e-01 9.472854205286212678e-03
4.387028039889501185e-01 -6.941049432304435829e-01 5.707522908892223024e-01 9.472854205286212678e-03
-4.387028039889501185e-01 -6.941049432304435829e-01 5.707522908892223024e-01 9.472854205286212678e-03
-4.387028039889501185e-01 6.941049432304435829e-01 -5.707522908892223024e-01 9.472854205286212678e-03
5.196463388403083083e-01 3.858908414762616812e-01 7.622702545650107409e-01 9.404065122541842639e-03
5.196463388403083083e-01 -3.858908414762616812e-01 7.622702545650107409e-01 9.404065122541842639e-03
-5.196463388403083083e-01 -3.858908414762616812e-01 7.622702545650107409e-01 9.404065122541842639e-03
-5.196463388403083083e-01 3.858908414762616812e-01 -7.622702545650107409e-01 9.404065122541842639e-03
3.858908414762616812e-01 5.196463388403083083e-01 7.622702545650107409e-01 9.404065122541842639e-03
3.858908414762616812e-01 -5.196463388403083083e-01 7.622702545650107409e-01 9.404065122541842639e-03
-3.858908414762616812e-01 -5.196463388403083083e-01 7.622702545650107409e-01 9.404065122541842639e-03
-3.858908414762616812e-01 5.196463388403083083e-01 -7.622702545650107409e-01 9.404065122541842639e-03
7.622702545650107409e-01 5.196463388403083083e-01 3.858908414762616812e-01 9.404065122541842639e-03
7.622702545650107409e-01 -5.196463388403083083e-01 3.858908414762616812e-01 9.404065122541842639e-03
-7.622702545650107409e-01 -5.196463388403083083e-01 3.858908414762616812e-01 9.404065122541842639e-03
-7.622702545650107409e-01 5.196463388403083083e-01 -3.858908414762616812e-01 9.404065122541842639e-03
7.622702545650107409e-01 3.858908414762616812e-01 5.196463388403083083e-01 9.404065122541842639e-03
7.622702545650107409e-01 -3.858908414762616812e-01 5.196463388403083083e-01 9.404065122541842639e-03
-7.622702545650107409e-01 -3.858908414762616812e-01 5.196463388403083083e-01 9.404065122541842639e-03
-7.622702545650107409e-01 3.858908414762616812e-01 -5.196463388403083083e-01 9.404065122541842639e-03
5.196463388403083083e-01 7.622702545650107409e-01 3.858908414762616812e-01 9.404065122541842639e-03
5.196463388403083083e-01 -7.622702545650107409e-01 3.858908414762616812e-01 9.404065122541842639e-03
-5.196463388403083083e-01 -7.622702545650107409e-01 3.858908414762616812e-01 9.404065122541842639e-03
-5.196463388403083083e-01 7.622702545650107409e-01 -3.858908414762616812e-01 9.404065122541842639e-03
3.858908414762616812e-01 7.622702545650107409e-01 5.196463388403083083e-01 9.404065122541842639e-03
3.858908414762616812e-01 -7.622702545650107409e-01 5.196463388403083083e-01 9.404065122541842639e-03
-3.858908414762616812e-01 -7.622702545650107409e-01 5.196463388403083083e-01 9.404065122541842639e-03
-3.858908414762616812e-01 7.622702545650107409e-01 -5.196463388403083083e-01 9.404065122541842639e-03
4.646337531215350980e-01 3.301937372343853871e-01 8.216371287565977788e-01 9.263631424699936279e-03
4.646337531215350980e-01 -3.301937372343853871e-01 8.216371287565977788e-01 9.263631424699936279e-03
-4.646337531215350980e-01 -3.301937372343853871e-01 8.216371287565977788e-01 9.263631424699936279e-03
-4.646337531215350980e-01 3.301937372343853871e-01 -8.216371287565977788e-01 9.263631424699936279e-03
3.301937372343853871e-01 4.646337531215350980e-01 8.216371287565977788e-01 9.263631424699936279e-03
3.301937372343853871e-01 -4.646337531215350980e-01 8.216371287565977788e-01 9.263631424699936279e-03
-3.301937372343853871e-01 -4.646337531215350980e-01 8.216371287565977788e-01 9.263631424699936279e-03
-3.301937372343853871e-01 4.646337531215350980e-01 -8.216371287565977788e-01 9.263631424699936279e-03
8.216371287565977788e-01 4.646337531215350980e-01 3.301937372343853871e-01 9.263631424699936279e-03
8.216371287565977788e-01 -4.646337531215350980e-01 3.301937372343853871e-01 9.263631424699936279e-03
-8.216371287565977788e-01 -4.646337531215350980e-01 3.301937372343853871e-01 9.263631424699936279e-03
-8.216371287565977788e-01 4.646337531215350980e-01 -3.301937372343853871e-01 9.263631424699936279e-03
8.216371287565977788e-01 3.301937372343853871e-01 4.646337531215350980e-01 9.263631424699936279e-03
8.216371287565977788e-01 -3.301937372343853871e-01 4.646337531215350980e-01 9.263631424699936279e-03
-8.216371287565977788e-01 -3.301937372343853871e-01 4.646337531215350980e-01 9.263631424699936279e-03
-8.216371287565977788e-01 3.301937372343853871e-01 -4.646337531215350980e-01 9.263631424699936279e-03
4.646337531215350980e-01 8.216371287565977788e-01 3.301937372343853871e-01 9.263631424699936279e-03
4.646337531215350980e-01 -8.216371287565977788e-01 3.301937372343853871e-01 9.263631424699936279e-03
-4.646337531215350980e-01 -8.216371287565977788e-01 3.301937372343853871e-01 9.263631424699936279e-03
-4.646337531215350980e-01 8.216371287565977788e-01 -3.301937372343853871e-01 9.263631424699936279e-03
3.301937372343853871e-01 8.216371287565977788e-01 4.646337531215350980e-01 9.263631424699936279e-03
3.301937372343853871e-01 -8.216371287565977788e-01 4.646337531215350980e-01 9.263631424699936279e-03
-3.301937372343853871e-01 -8.216371287565977788e-01 4.646337531215350980e-01 9.263631424699936279e-03
-3.301937372343853871e-01 8.216371287565977788e-01 -4.646337531215350980e-01 9.263631424699936279e-03
4.063901697557690817e-01 2.725423573563777180e-01 8.721053224080825839e-01 9.026988111339078261e-03
4.063901697557690817e-01 -2.725423573563777180e-01 8.721053224080825839e-01 9.026988111339078261e-03
-4.063901697557690817e-01 -2.725423573563777180e-01 8.721053224080825839e-01 9.026988111339078261e-03
-4.063901697557690817e-01 2.725423573563777180e-01 -8.721053224080825839e-01 9.026988111339078261e-03
2.725423573563777180e-01 4.063901697557690817e-01 8.721053224080825839e-01 9.026988111339078261e-03
2.725423573563777180e-01 -4.063901697557690817e-01 8.721053224080825839e-01 9.026988111339078261e-03
-2.725423573563777180e-01 -4.063901697557690817e-01 8.721053224080825839e-01 9.026988111339078261e-03
-2.725423573563777180e-01 4.063901697557690817e-01 -8.721053224080825839e-01 9.026988111339078261e-03
8.721053224080825839e-01 4.063901697557690817e-01 2.725423573563777180e-01 9.026988111339078261e-03
8.721053224080825839e-01 -4.063901697557690817e-01 2.725423573563777180e-01 9.026988111339078261e-03
-8.721053224080825839e-01 -4.063901697557690817e-01 2.725423573563777180e-01 9.026988111339078261e-03
-8.721053224080825839e-01 4.063901697557690817e-01 -2.725423573563777180e-01 9.026988111339078261e-03
8.721053224080825839e-01 2.725423573563777180e-01 4.063901697557690817e-01 9.026988111339078261e-03
8.721053224080825839e-01 -2.725423573563777180e-01 4.063901697557690817e-01 9.026988111339078261e-03
-8.721053224080825839e-01 -2.725423573563777180e-01 4.063901697557690817e-01 9.026988111339078261e-03
-8.721053224080825839e-01 2.725423573563777180e-01 -4.063901697557690817e-01 9.026988111339078261e-03
4.063901697557690817e-01 8.721053224080825839e-01 2.725423573563777180e-01 9.026988111339078261e-03
4.063901697557690817e-01 -8.721053224080825839e-01 2.725423573563777180e-01 9.026988111339078261e-03
-4.063901697557690817e-01 -8.721053224080825839e-01 2.725423573563777180e-01 9.026988111339078261e-03
-4.063901697557690817e-01 8.721053224080825839e-01 -2.725423573563777180e-01 9.026988111339078261e-03
2.725423573563777180e-01 8.721053224080825839e-01 4.063901697557690817e-01 9.026988111339078261e-03
2.725423573563777180e-01 -8.721053224080825839e-01 4.063901697557690817e-01 9.026988111339078261e-03
-2.725423573563777180e-01 -8.721053224080825839e-01 4.063901697557690817e-01 9.026988111339078261e-03
-2.725423573563777180e-01 8.721053224080825839e-01 -4.063901697557690817e-01 9.026988111339078261e-03
3.456329466643087156e-01 2.139510237495249878e-01 9.136535588595259272e-01 8.665537363599921938e-03
3.456329466643087156e-01 -2.139510237495249878e-01 9.136535588595259272e-01 8.665537363599921938e-03
-3.456329466643087156e-01 -2.139510237495249878e-01 9.136535588595259272e-01 8.665537363599921938e-03
-3.456329466643087156e-01 2.139510237495249878e-01 -9.136535588595259272e-01 8.665537363599921938e-03
2.139510237495249878e-01 3.456329466643087156e-01 9.136535588595259272e-01 8.665537363599921938e-03
2.139510237495249878e-01 -3.456329466643087156e-01 9.136535588595259272e-01 8.665537363599921938e-03
-2.139510237495249878e-01 -3.456329466643087156e-01 9.136535588595259272e-01 8.665537363599921938e-03
-2.139510237495249878e-01 3.456329466643087156e-01 -9.136535588595259272e-01 8.665537363599921938e-03
9.136535588595259272e-01 3.456329466643087156e-01 2.139510237495249878e-01 8.665537363599921938e-03
9.136535588595259272e-01 -3.456329466643087156e-01 2.139510237495249878e-01 8.665537363599921938e-03
-9.136535588595259272e-01 -3.456329466643087156e-01 2.139510237495249878e-01 8.665537363599921938e-03
-9.136535588595259272e-01 3.456329466643087156e-01 -2.139510237495249878e-01 8.665537363599921938e-03
9.136535588595259272e-01 2.139510237495249878e-01 3.456329466643087156e-01 8.665537363599921938e-03
9.136535588595259272e-01 -2.139510237495249878e-01 3.456329466643087156e-01 8.665537363599921938e-03
-9.136535588595259272e-01 -2.139510237495249878e-01 3.456329466643087156e-01 8.665537363599921938e-03
-9.136535588595259272e-01 2.139510237495249878e-01 -3.456329466643087156e-01 8.665537363599921938e-03
3.456329466643087156e-01 9.136535588595259272e-01 2.139510237495249878e-01 8.665537363599921938e-03
3.456329466643087156e-01 -9.136535588595259272e-01 2.139510237495249878e-01 8.665537363599921938e-03
-3.456329466643087156e-01 -9.136535588595259272e-01 2.139510237495249878e-01 8.665537363599921938e-03
-3.456329466643087156e-01 9.136535588595259272e-01 -2.139510237495249878e-01 8.665537363599921938e-03
2.139510237495249878e-01 9.136535588595259272e-01 3.456329466643087156e-01 8.665537363599921938e-03
2.139510237495249878e-01 -9.136535588595259272e-01 3.456329466643087156e-01 8.665537363599921938e-03
-2.139510237495249878e-01 -9.136535588595259272e-01 3.456329466643087156e-01 8.665537363599921938e-03
-2.139510237495249878e-01 9.136535588595259272e-01 -3.456329466643087156e-01 8.665537363599921938e-03
2.831395121050331865e-01 1.555922309786647029e-01 9.463736441511912956e-01 8.143141112558850703e-03
2.831395121050331865e-01 -1.555922309786647029e-01 9.463736441511912956e-01 8.143141112558850703e-03
-2.831395121050331865e-01 -1.555922309786647029e-01 9.463736441511912956e-01 8.143141112558850703e-03
-2.831395121050331865e-01 1.555922309786647029e-01 -9.463736441511912956e-01 8.143141112558850703e-03
1.555922309786647029e-01 2.831395121050331865e-01 9.463736441511912956e-01 8.143141112558850703e-03
1.555922309786647029e-01 -2.831395121050331865e-01 9.463736441511912956e-01 8.143141112558850703e-03
-1.555922309786647029e-01 -2.831395121050331865e-01 9.463736441511912956e-01 8.143141112558850703e-03
-1.555922309786647029e-01 2.831395121050331865e-01 -9.463736441511912956e-01 8.143141112558850703e-03
9.463736441511912956e-01 2.831395121050331865e-01 1.555922309786647029e-01 8.143141112558850703e-03
9.463736441511912956e-01 -2.831395121050331865e-01 1.555922309786647029e-01 8.143141112558850703e-03
-9.463736441511912956e-01 -2.831395121050331865e-01 1.555922309786647029e-01 8.143141112558850703e-03
-9.463736441511912956e-01 2.831395121050331865e-01 -1.555922309786647029e-01 8.143141112558850703e-03
9.463736441511912956e-01 1.555922309786647029e-01 2.831395121050331865e-01 8.143141112558850703e-03
9.463736441511912956e-01 -1.555922309786647029e-01 2.831395121050331865e-01 8.143141112558850703e-03
-9.463736441511912956e-01 -1.555922309786647029e-01 2.831395121050331865e-01 8.143141112558850703e-03
-9.463736441511912956e-01 1.555922309786647029e-01 -2.831395121050331865e-01 8.143141112558850703e-03
2.831395121050331865e-01 9.463736441511912956e-01 1.555922309786647029e-01 8.143141112558850703e-03
2.831395121050331865e-01 -9.463736441511912956e-01 1.555922309786647029e-01 8.143141112558850703e-03
-2.831395121050331865e-01 -9.463736441511912956e-01 1.555922309786647029e-01 8.143141112558850703e-03
-2.831395121050331865e-01 9.463736441511912956e-01 -1.555922309786647029e-01 8.143141112558850703e-03
1.555922309786647029e-01 9.463736441511912956e-01 2.831395121050331865e-01 8.143141112558850703e-03
1.555922309786647029e-01 -9.463736441511912956e-01 2.831395121050331865e-01 8.143141112558850703e-03
-1.555922309786647029e-01 -9.463736441511912956e-01 2.831395121050331865e-01 8.143141112558850703e-03
-1.555922309786647029e-01 9.463736441511912956e-01 -2.831395121050331865e-01 8.143141112558850703e-03
2.197682022925329937e-01 9.892878979686096919e-02 9.705230712406772708e-01 7.411091081461933412e-03
2.197682022925329937e-01 -9.892878979686096919e-02 9.705230712406772708e-01 7.411091081461933412e-03
-2.197682022925329937e-01 -9.892878979686096919e-02 9.705230712406772708e-01 7.411091081461933412e-03
-2.197682022925329937e-01 9.892878979686096919e-02 -9.705230712406772708e-01 7.411091081461933412e-03
9.892878979686096919e-02 2.197682022925329937e-01 9.705230712406772708e-01 7.411091081461933412e-03
9.892878979686096919e-02 -2.197682022925329937e-01 9.705230712406772708e-01 7.411091081461933412e-03
-9.892878979686096919e-02 -2.197682022925329937e-01 9.705230712406772708e-01 7.411091081461933412e-03
-9.892878979686096919e-02 2.197682022925329937e-01 -9.705230712406772708e-01 7.411091081461933412e-03
9.705230712406772708e-01 2.197682022925329937e-01 9.892878979686096919e-02 7.411091081461933412e-03
9.705230712406772708e-01 -2.197682022925329937e-01 9.892878979686096919e-02 7.411091081461933412e-03
-9.705230712406772708e-01 -2.197682022925329937e-01 9.892878979686096919e-02 7.411091081461933412e-03
-9.705230712406772708e-01 2.197682022925329937e-01 -9.892878979686096919e-02 7.411091081461933412e-03
9.705230712406772708e-01 9.892878979686096919e-02 2.197682022925329937e-01 7.411091081461933412e-03
9.705230712406772708e-01 -9.892878979686096919e-02 2.197682022925329937e-01 7.411091081461933412e-03
-9.705230712406772708e-01 -9.892878979686096919e-02 2.197682022925329937e-01 7.411091081461933412e-03
-9.705230712406772708e-01 9.892878979686096919e-02 -2.197682022925329937e-01 7.411091081461933412e-03
2.197682022925329937e-01 9.705230712406772708e-01 9.892878979686096919e-02 7.411091081461933412e-03
2.197682022925329937e-01 -9.705230712406772708e-01 9.892878979686096919e-02 7.411091081461933412e-03
-2.197682022925329937e-01 -9.705230712406772708e-01 9.892878979686096919e-02 7.411091081461933412e-03
-2.197682022925329937e-01 9.705230712406772708e-01 -9.892878979686096919e-02 7.411091081461933412e-03
9.892878979686096919e-02 9.705230712406772708e-01 2.197682022925329937e-01 7.411091081461933412e-03
9.892878979686096919e-02 -9.705230712406772708e-01 2.197682022925329937e-01 7.411091081461933412e-03
-9.892878979686096919e-02 -9.705230712406772708e-01 2.197682022925329937e-01 7.411091081461933412e-03
-9.892878979686096919e-02 9.705230712406772708e-01 -2.197682022925329937e-01 7.411091081461933412e-03
1.564696098650354972e-01 4.598642910675510009e-02 9.866116305450148838e-01 6.403456594251184797e-03
1.564696098650354972e-01 -4.598642910675510009e-02 9.866116305450148838e-01 6.403456594251184797e-03
-1.564696098650354972e-01 -4.598642910675510009e-02 9.866116305450148838e-01 6.403456594251184797e-03
-1.564696098650354972e-01 4.598642910675510009e-02 -9.866116305450148838e-01 6.403456594251184797e-03
4.598642910675510009e-02 1.564696098650354972e-01 9.866116305450148838e-01 6.403456594251184797e-03
4.598642910675510009e-02 -1.564696098650354972e-01 9.866116305450148838e-01 6.403456594251184797e-03
-4.598642910675510009e-02 -1.564696098650354972e-01 9.866116305450148838e-01 6.403456594251184797e-03
-4.598642910675510009e-02 1.564696098650354972e-01 -9.866116305450148838e-01 6.403456594251184797e-03
9.866116305450148838e-01 1.564696098650354972e-01 4.598642910675510009e-02 6.403456594251184797e-03
9.866116305450148838e-01 -1.564696098650354972e-01 4.598642910675510009e-02 6.403456594251184797e-03
-9.866116305450148838e-01 -1.564696098650354972e-01 4.598642910675510009e-02 6.403456594251184797e-03
-9.866116305450148838e-01 1.564696098650354972e-01 -4.598642910675510009e-02 6.403456594251184797e-03
9.866116305450148838e-01 4.598642910675510009e-02 1.564696098650354972e-01 6.403456594251184797e-03
9.866116305450148838e-01 -4.598642910675510009e-02 1.564696098650354972e-01 6.403456594251184797e-03
-9.866116305450148838e-01 -4.598642910675510009e-02 1.564696098650354972e-01 6.403456594251184797e-03
-9.866116305450148838e-01 4.598642910675510009e-02 -1.564696098650354972e-01 6.403456594251184797e-03
1.564696098650354972e-01 9.866116305450148838e-01 4.598642910675510009e-02 6.403456594251184797e-03
1.564696098650354972e-01 -9.866116305450148838e-01 4.598642910675510009e-02 6.403456594251184797e-03
-1.564696098650354972e-01 -9.866116305450148838e-01 4.598642910675510009e-02 6.403456594251184797e-03
-1.564696098650354972e-01 9.866116305450148838e-01 -4.598642910675510009e-02 6.403456594251184797e-03
4.598642910675510009e-02 9.866116305450148838e-01 1.564696098650354972e-01 6.403456594251184797e-03
4.598642910675510009e-02 -9.866116305450148838e-01 1.564696098650354972e-01 6.403456594251184797e-03
-4.598642910675510009e-02 -9.866116305450148838e-01 1.564696098650354972e-01 6.403456594251184797e-03
-4.598642910675510009e-02 9.866116305450148838e-01 -1.564696098650354972e-01 6.403456594251184797e-03
6.027356673721294689e-01 3.376625140173425965e-01 7.229756163972347327e-01 9.471155947142626680e-03
6.027356673721294689e-01 -3.376625140173425965e-01 7.229756163972347327e-01 9.471155947142626680e-03
-6.027356673721294689e-01 -3.376625140173425965e-01 7.229756163972347327e-01 9.471155947142626680e-03
-6.027356673721294689e-01 3.376625140173425965e-01 -7.229756163972347327e-01 9.471155947142626680e-03
3.376625140173425965e-01 6.027356673721294689e-01 7.229756163972347327e-01 9.471155947142626680e-03
3.376625140173425965e-01 -6.027356673721294689e-01 7.229756163972347327e-01 9.471155947142626680e-03
-3.376625140173425965e-01 -6.027356673721294689e-01 7.229756163972347327e-01 9.471155947142626680e-03
-3.376625140173425965e-01 6.027356673721294689e-01 -7.229756163972347327e-01 9.471155947142626680e-03
7.229756163972347327e-01 6.027356673721294689e-01 3.376625140173425965e-01 9.471155947142626680e-03
7.229756163972347327e-01 -6.027356673721294689e-01 3.376625140173425965e-01 9.471155947142626680e-03
-7.229756163972347327e-01 -6.027356673721294689e-01 3.376625140173425965e-01 9.471155947142626680e-03
-7.229756163972347327e-01 6.027356673721294689e-01 -3.376625140173425965e-01 9.471155947142626680e-03
7.229756163972347327e-01 3.376625140173425965e-01 6.027356673721294689e-01 9.471155947142626680e-03
7.229756163972347327e-01 -3.376625140173425965e-01 6.027356673721294689e-01 9.471155947142626680e-03
-7.229756163972347327e-01 -3.376625140173425965e-01 6.027356673721294689e-01 9.471155947142626680e-03
-7.229756163972347327e-01 3.376625140173425965e-01 -6.027356673721294689e-01 9.471155947142626680e-03
6.027356673721294689e-01 7.229756163972347327e-01 3.376625140173425965e-01 9.471155947142626680e-03
6.027356673721294689e-01 -7.229756163972347327e-01 3.376625140173425965e-01 9.471155947142626680e-03
-6.027356673721294689e-01 -7.229756163972347327e-01 3.376625140173425965e-01 9.471155947142626680e-03
-6.027356673721294689e-01 7.229756163972347327e-01 -3.376625140173425965e-01 9.471155947142626680e-03
3.376625140173425965e-01 7.229756163972347327e-01 6.027356673721294689e-01 9.471155947142626680e-03
3.376625140173425965e-01 -7.229756163972347327e-01 6.027356673721294689e-01 9.471155947142626680e-03
-3.376625140173425965e-01 -7.229756163972347327e-01 6.027356673721294689e-01 9.471155947142626680e-03
-3.376625140173425965e-01 7.229756163972347327e-01 -6.027356673721294689e-01 9.471155947142626680e-03
5.496032320255096471e-01 2.822301309727988095e-01 7.863093796453088924e-01 9.390227938142677380e-03
5.496032320255096471e-01 -2.822301309727988095e-01 7.863093796453088924e-01 9.390227938142677380e-03
-5.496032320255096471e-01 -2.822301309727988095e-01 7.863093796453088924e-01 9.390227938142677380e-03
-5.496032320255096471e-01 2.822301309727988095e-01 -7.863093796453088924e-01 9.390227938142677380e-03
2.822301309727988095e-01 5.496032320255096471e-01 7.863093796453088924e-01 9.390227938142677380e-03
2.822301309727988095e-01 -5.496032320255096471e-01 7.863093796453088924e-01 9.390227938142677380e-03
-2.822301309727988095e-01 -5.496032320255096471e-01 7.863093796453088924e-01 9.390227938142677380e-03
-2.822301309727988095e-01 5.496032320255096471e-01 -7.863093796453088924e-01 9.390227938142677380e-03
7.863093796453088924e-01 5.496032320255096471e-01 2.822301309727988095e-01 9.390227938142677380e-03
7.863093796453088924e-01 -5.496032320255096471e-01 2.822301309727988095e-01 9.390227938142677380e-03
-7.863093796453088924e-01 -5.496032320255096471e-01 2.822301309727988095e-01 9.390227938142677380e-03
-7.863093796453088924e-01 5.496032320255096471e-01 -2.822301309727988095e-01 9.390227938142677380e-03
7.863093796453088924e-01 2.822301309727988095e-01 5.496032320255096471e-01 9.390227938142677380e-03
7.863093796453088924e-01 -2.822301309727988095e-01 5.496032320255096471e-01 9.390227938142677380e-03
-7.863093796453088924e-01 -2.822301309727988095e-01 5.496032320255096471e-01 9.390227938142677380e-03
-7.863093796453088924e-01 2.822301309727988095e-01 -5.496032320255096471e-01 9.390227938142677380e-03
5.496032320255096471e-01 7.863093796453088924e-01 2.822301309727988095e-01 9.390227938142677380e-03
5.496032320255096471e-01 -7.863093796453088924e-01 2.822301309727988095e-01 9.390227938142677380e-03
-5.496032320255096471e-01 -7.863093796453088924e-01 2.822301309727988095e-01 9.390227938142677380e-03
-5.496032320255096471e-01 7.863093796453088924e-01 -2.822301309727988095e-01 9.390227938142677380e-03
2.822301309727988095e-01 7.863093796453088924e-01 5.496032320255096471e-01 9.390227938142677380e-03
2.822301309727988095e-01 -7.863093796453088924e-01 5.496032320255096471e-01 9.390227938142677380e-03
-2.822301309727988095e-01 -7.863093796453088924e-01 5.496032320255096471e-01 9.390227938142677380e-03
-2.822301309727988095e-01 7.863093796453088924e-01 -5.496032320255096471e-01 9.390227938142677380e-03
4.921707755234567272e-01 2.248632342592540023e-01 8.409544896123136715e-01 9.227507471181554954e-03
4.921707755234567272e-01 -2.248632342592540023e-01 8.409544896123136715e-01 9.227507471181554954e-03
-4.921707755234567272e-01 -2.248632342592540023e-01 8.409544896123136715e-01 9.227507471181554954e-03
-4.921707755234567272e-01 2.248632342592540023e-01 -8.409544896123136715e-01 9.227507471181554954e-03
2.248632342592540023e-01 4.921707755234567272e-01 8.409544896123136715e-01 9.227507471181554954e-03
2.248632342592540023e-01 -4.921707755234567272e-01 8.409544896123136715e-01 9.227507471181554954e-03
-2.248632342592540023e-01 -4.921707755234567272e-01 8.409544896123136715e-01 9.227507471181554954e-03
-2.248632342592540023e-01 4.921707755234567272e-01 -8.409544896123136715e-01 9.227507471181554954e-03
8.409544896123136715e-01 4.921707755234567272e-01 2.248632342592540023e-01 9.227507471181554954e-03
8.409544896123136715e-01 -4.921707755234567272e-01 2.248632342592540023e-01 9.227507471181554954e-03
-8.409544896123136715e-01 -4.921707755234567272e-01 2.248632342592540023e-01 9.227507471181554954e-03
-8.409544896123136715e-01 4.921707755234567272e-01 -2.248632342592540023e-01 9.227507471181554954e-03
8.409544896123136715e-01 2.248632342592540023e-01 4.921707755234567272e-01 9.227507471181554954e-03
8.409544896123136715e-01 -2.248632342592540023e-01 4.921707755234567272e-01 9.227507471181554954e-03
-8.409544896123136715e-01 -2.248632342592540023e-01 4.921707755234567272e-01 9.227507471181554954e-03
-8.409544896123136715e-01 2.248632342592540023e-01 -4.921707755234567272e-01 9.227507471181554954e-03
4.921707755234567272e-01 8.409544896123136715e-01 2.248632342592540023e-01 9.227507471181554954e-03
4.921707755234567272e-01 -8.409544896123136715e-01 2.248632342592540023e-01 9.227507471181554954e-03
-4.921707755234567272e-01 -8.409544896123136715e-01 2.248632342592540023e-01 9.227507471181554954e-03
-4.921707755234567272e-01 8.409544896123136715e-01 -2.248632342592540023e-01 9.227507471181554954e-03
2.248632342592540023e-01 8.409544896123136715e-01 4.921707755234567272e-01 9.227507471181554954e-03
2.248632342592540023e-01 -8.409544896123136715e-01 4.921707755234567272e-01 9.227507471181554954e-03
-2.248632342592540023e-01 -8.409544896123136715e-01 4.921707755234567272e-01 9.227507471181554954e-03
-2.248632342592540023e-01 8.409544896123136715e-01 -4.921707755234567272e-01 9.227507471181554954e-03
4.309422998598482768e-01 1.666224723456478929e-01 8.868628337578075005e-01 8.960917510504354602e-03
4.309422998598482768e-01 -1.666224723456478929e-01 8.868628337578075005e-01 8.960917510504354602e-03
-4.309422998598482768e-01 -1.666224723456478929e-01 8.868628337578075005e-01 8.960917510504354602e-03
-4.309422998598482768e-01 1.666224723456478929e-01 -8.868628337578075005e-01 8.960917510504354602e-03
1.666224723456478929e-01 4.309422998598482768e-01 8.868628337578075005e-01 8.960917510504354602e-03
1.666224723456478929e-01 -4.309422998598482768e-01 8.868628337578075005e-01 8.960917510504354602e-03
-1.666224723456478929e-01 -4.309422998598482768e-01 8.868628337578075005e-01 8.960917510504354602e-03
-1.666224723456478929e-01 4.309422998598482768e-01 -8.868628337578075005e-01 8.960917510504354602e-03
8.868628337578075005e-01 4.309422998598482768e-01 1.666224723456478929e-01 8.960917510504354602e-03
8.868628337578075005e-01 -4.309422998598482768e-01 1.666224723456478929e-01 8.960917510504354602e-03
-8.868628337578075005e-01 -4.309422998598482768e-01 1.666224723456478929e-01 8.960917510504354602e-03
-8.868628337578075005e-01 4.309422998598482768e-01 -1.666224723456478929e-01 8.960917510504354602e-03
8.868628337578075005e-01 1.666224723456478929e-01 4.309422998598482768e-01 8.960917510504354602e-03
8.868628337578075005e-01 -1.666224723456478929e-01 4.309422998598482768e-01 8.960917510504354602e-03
-8.868628337578075005e-01 -1.666224723456478929e-01 4.309422998598482768e-01 8.960917510504354602e-03
-8.868628337578075005e-01 1.666224723456478929e-01 -4.309422998598482768e-01 8.960917510504354602e-03
4.309422998598482768e-01 8.868628337578075005e-01 1.666224723456478929e-01 8.960917510504354602e-03
4.309422998598482768e-01 -8.868628337578075005e-01 1.666224723456478929e-01 8.960917510504354602e-03
-4.309422998598482768e-01 -8.868628337578075005e-01 1.666224723456478929e-01 8.960917510504354602e-03
-4.309422998598482768e-01 8.868628337578075005e-01 -1.666224723456478929e-01 8.960917510504354602e-03
1.666224723456478929e-01 8.868628337578075005e-01 4.309422998598482768e-01 8.960917510504354602e-03
1.666224723456478929e-01 -8.868628337578075005e-01 4.309422998598482768e-01 8.960917510504354602e-03
-1.666224723456478929e-01 -8.868628337578075005e-01 4.309422998598482768e-01 8.960917510504354602e-03
-1.666224723456478929e-01 8.868628337578075005e-01 -4.309422998598482768e-01 8.960917510504354602e-03
3.664108182313671747e-01 1.086964901822169011e-01 9.240823476861178554e-01 8.566522534178104553e-03
3.664108182313671747e-01 -1.086964901822169011e-01 9.240823476861178554e-01 8.566522534178104553e-03
-3.664108182313671747e-01 -1.086964901822169011e-01 9.240823476861178554e-01 8.566522534178104553e-03
-3.664108182313671747e-01 1.086964901822169011e-01 -9.240823476861178554e-01 8.566522534178104553e-03
1.086964901822169011e-01 3.664108182313671747e-01 9.240823476861178554e-01 8.566522534178104553e-03
1.086964901822169011e-01 -3.664108182313671747e-01 9.240823476861178554e-01 8.566522534178104553e-03
-1.086964901822169011e-01 -3.664108182313671747e-01 9.240823476861178554e-01 8.566522534178104553e-03
-1.086964901822169011e-01 3.664108182313671747e-01 -9.240823476861178554e-01 8.566522534178104553e-03
9.240823476861178554e-01 3.664108182313671747e-01 1.086964901822169011e-01 8.566522534178104553e-03
9.240823476861178554e-01 -3.664108182313671747e-01 1.086964901822169011e-01 8.566522534178104553e-03
-9.240823476861178554e-01 -3.664108182313671747e-01 1.086964901822169011e-01 8.566522534178104553e-03
-9.240823476861178554e-01 3.664108182313671747e-01 -1.086964901822169011e-01 8.566522534178104553e-03
9.240823476861178554e-01 1.086964901822169011e-01 3.664108182313671747e-01 8.566522534178104553e-03
9.240823476861178554e-01 -1.086964901822169011e-01 3.664108182313671747e-01 8.566522534178104553e-03
-9.240823476861178554e-01 -1.086964901822169011e-01 3.664108182313671747e-01 8.566522534178104553e-03
-9.240823476861178554e-01 1.086964901822169011e-01 -3.664108182313671747e-01 8.566522534178104553e-03
3.664108182313671747e-01 9.240823476861178554e-01 1.086964901822169011e-01 8.566522534178104553e-03
3.664108182313671747e-01 -9.240823476861178554e-01 1.086964901822169011e-01 8.566522534178104553e-03
-3.664108182313671747e-01 -9.240823476861178554e-01 1.086964901822169011e-01 8.566522534178104553e-03
-3.664108182313671747e-01 9.240823476861178554e-01 -1.086964901822169011e-01 8.566522534178104553e-03
1.086964901822169011e-01 9.240823476861178554e-01 3.664108182313671747e-01 8.566522534178104553e-03
1.086964901822169011e-01 -9.240823476861178554e-01 3.664108182313671747e-01 8.566522534178104553e-03
-1.086964901822169011e-01 -9.240823476861178554e-01 3.664108182313671747e-01 8.566522534178104553e-03
-1.086964901822169011e-01 9.240823476861178554e-01 -3.664108182313671747e-01 8.566522534178104553e-03
2.990189057758436131e-01 5.251989784120084798e-02 9.528007946676823048e-01 8.018527130407498288e-03
2.990189057758436131e-01 -5.251989784120084798e-02 9.528007946676823048e-01 8.018527130407498288e-03
-2.990189057758436131e-01 -5.251989784120084798e-02 9.528007946676823048e-01 8.018527130407498288e-03
-2.990189057758436131e-01 5.251989784120084798e-02 -9.528007946676823048e-01 8.018527130407498288e-03
5.251989784120084798e-02 2.990189057758436131e-01 9.528007946676823048e-01 8.018527130407498288e-03
5.251989784120084798e-02 -2.990189057758436131e-01 9.528007946676823048e-01 8.018527130407498288e-03
-5.251989784120084798e-02 -2.990189057758436131e-01 9.528007946676823048e-01 8.018527130407498288e-03
-5.251989784120084798e-02 2.990189057758436131e-01 -9.528007946676823048e-01 8.018527130407498288e-03
9.528007946676823048e-01 2.990189057758436131e-01 5.251989784120084798e-02 8.018527130407498288e-03
9.528007946676823048e-01 -2.990189057758436131e-01 5.251989784120084798e-02 8.018527130407498288e-03
-9.528007946676823048e-01 -2.990189057758436131e-01 5.251989784120084798e-02 8.018527130407498288e-03
-9.528007946676823048e-01 2.990189057758436131e-01 -5.251989784120084798e-02 8.018527130407498288e-03
9.528007946676823048e-01 5.251989784120084798e-02 2.990189057758436131e-01 8.018527130407498288e-03
9.528007946676823048e-01 -5.251989784120084798e-02 2.990189057758436131e-01 8.018527130407498288e-03
-9.528007946676823048e-01 -5.251989784120084798e-02 2.990189057758436131e-01 8.018527130407498288e-03
-9.528007946676823048e-01 5.251989784120084798e-02 -2.990189057758436131e-01 8.018527130407498288e-03
2.990189057758436131e-01 9.528007946676823048e-01 5.251989784120084798e-02 8.018527130407498288e-03
2.990189057758436131e-01 -9.528007946676823048e-01 5.251989784120084798e-02 8.018527130407498288e-03
-2.990189057758436131e-01 -9.528007946676823048e-01 5.251989784120084798e-02 8.018527130407498288e-03
-2.990189057758436131e-01 9.528007946676823048e-01 -5.251989784120084798e-02 8.018527130407498288e-03
5.251989784120084798e-02 9.528007946676823048e-01 2.990189057758436131e-01 8.018527130407498288e-03
5.251989784120084798e-02 -9.528007946676823048e-01 2.990189057758436131e-01 8.018527130407498288e-03
-5.251989784120084798e-02 -9.528007946676823048e-01 2.990189057758436131e-01 8.018527130407498288e-03
-5.251989784120084798e-02 9.528007946676823048e-01 -2.990189057758436131e-01 8.018527130407498288e-03
6.268724013144998386e-01 2.297523657550022969e-01 7.444762205068555794e-01 9.488089067470249771e-03
6.268724013144998386e-01 -2.297523657550022969e-01 7.444762205068555794e-01 9.488089067470249771e-03
-6.268724013144998386e-01 -2.297523657550022969e-01 7.444762205068555794e-01 9.488089067470249771e-03
-6.268724013144998386e-01 2.297523657550022969e-01 -7.444762205068555794e-01 9.488089067470249771e-03
2.297523657550022969e-01 6.268724013144998386e-01 7.444762205068555794e-01 9.488089067470249771e-03
2.297523657550022969e-01 -6.268724013144998386e-01 7.444762205068555794e-01 9.488089067470249771e-03
-2.297523657550022969e-01 -6.268724013144998386e-01 7.444762205068555794e-01 9.488089067470249771e-03
-2.297523657550022969e-01 6.268724013144998386e-01 -7.444762205068555794e-01 9.488089067470249771e-03
7.444762205068555794e-01 6.268724013144998386e-01 2.297523657550022969e-01 9.488089067470249771e-03
7.444762205068555794e-01 -6.268724013144998386e-01 2.297523657550022969e-01 9.488089067470249771e-03
-7.444762205068555794e-01 -6.268724013144998386e-01 2.297523657550022969e-01 9.488089067470249771e-03
-7.444762205068555794e-01 6.268724013144998386e-01 -2.297523657550022969e-01 9.488089067470249771e-03
7.444762205068555794e-01 2.297523657550022969e-01 6.268724013144998386e-01 9.488089067470249771e-03
7.444762205068555794e-01 -2.297523657550022969e-01 6.268724013144998386e-01 9.488089067470249771e-03
-7.444762205068555794e-01 -2.297523657550022969e-01 6.268724013144998386e-01 9.488089067470249771e-03
-7.444762205068555794e-01 2.297523657550022969e-01 -6.268724013144998386e-01 9.488089067470249771e-03
6.268724013144998386e-01 7.444762205068555794e-01 2.297523657550022969e-01 9.488089067470249771e-03
6.268724013144998386e-01 -7.444762205068555794e-01 2.297523657550022969e-01 9.488089067470249771e-03
-6.268724013144998386e-01 -7.444762205068555794e-01 2.297523657550022969e-01 9.488089067470249771e-03
-6.268724013144998386e-01 7.444762205068555794e-01 -2.297523657550022969e-01 9.488089067470249771e-03
2.297523657550022969e-01 7.444762205068555794e-01 6.268724013144998386e-01 9.488089067470249771e-03
2.297523657550022969e-01 -7.444762205068555794e-01 6.268724013144998386e-01 9.488089067470249771e-03
-2.297523657550022969e-01 -7.444762205068555794e-01 6.268724013144998386e-01 9.488089067470249771e-03
-2.297523657550022969e-01 7.444762205068555794e-01 -6.268724013144998386e-01 9.488089067470249771e-03
5.707324144834606816e-01 1.723080607093800121e-01 8.028539364494963193e-01 9.397944537389159303e-03
5.707324144834606816e-01 -1.723080607093800121e-01 8.028539364494963193e-01 9.397944537389159303e-03
-5.707324144834606816e-01 -1.723080607093800121e-01 8.028539364494963193e-01 9.397944537389159303e-03
-5.707324144834606816e-01 1.723080607093800121e-01 -8.028539364494963193e-01 9.397944537389159303e-03
1.723080607093800121e-01 5.707324144834606816e-01 8.028539364494963193e-01 9.397944537389159303e-03
1.723080607093800121e-01 -5.707324144834606816e-01 8.028539364494963193e-01 9.397944537389159303e-03
-1.723080607093800121e-01 -5.707324144834606816e-01 8.028539364494963193e-01 9.397944537389159303e-03
-1.723080607093800121e-01 5.707324144834606816e-01 -8.028539364494963193e-01 9.397944537389159303e-03
8.028539364494963193e-01 5.707324144834606816e-01 1.723080607093800121e-01 9.397944537389159303e-03
8.028539364494963193e-01 -5.707324144834606816e-01 1.723080607093800121e-01 9.397944537389159303e-03
-8.028539364494963193e-01 -5.707324144834606816e-01 1.723080607093800121e-01 9.397944537389159303e-03
-8.028539364494963193e-01 5.707324144834606816e-01 -1.723080607093800121e-01 9.397944537389159303e-03
8.028539364494963193e-01 1.723080607093800121e-01 5.707324144834606816e-01 9.397944537389159303e-03
8.028539364494963193e-01 -1.723080607093800121e-01 5.707324144834606816e-01 9.397944537389159303e-03
-8.028539364494963193e-01 -1.723080607093800121e-01 5.707324144834606816e-01 9.397944537389159303e-03
-8.028539364494963193e-01 1.723080607093800121e-01 -5.707324144834606816e-01 9.397944537389159303e-03
5.707324144834606816e-01 8.028539364494963193e-01 1.723080607093800121e-01 9.397944537389159303e-03
5.707324144834606816e-01 -8.028539364494963193e-01 1.723080607093800121e-01 9.397944537389159303e-03
-5.707324144834606816e-01 -8.028539364494963193e-01 1.723080607093800121e-01 9.397944537389159303e-03
-5.707324144834606816e-01 8.028539364494963193e-01 -1.723080607093800121e-01 9.397944537389159303e-03
1.723080607093800121e-01 8.028539364494963193e-01 5.707324144834606816e-01 9.397944537389159303e-03
1.723080607093800121e-01 -8.028539364494963193e-01 5.707324144834606816e-01 9.397944537389159303e-03
-1.723080607093800121e-01 -8.028539364494963193e-01 5.707324144834606816e-01 9.397944537389159303e-03
-1.723080607093800121e-01 8.028539364494963193e-01 -5.707324144834606816e-01 9.397944537389159303e-03
5.096360901960365064e-01 1.140238465390513017e-01 8.528010424419850688e-01 9.218587343989051094e-03
5.096360901960365064e-01 -1.140238465390513017e-01 8.528010424419850688e-01 9.218587343989051094e-03
-5.096360901960365064e-01 -1.140238465390513017e-01 8.528010424419850688e-01 9.218587343989051094e-03
-5.096360901960365064e-01 1.140238465390513017e-01 -8.528010424419850688e-01 9.218587343989051094e-03
1.140238465390513017e-01 5.096360901960365064e-01 8.528010424419850688e-01 9.218587343989051094e-03
1.140238465390513017e-01 -5.096360901960365064e-01 8.528010424419850688e-01 9.218587343989051094e-03
-1.140238465390513017e-01 -5.096360901960365064e-01 8.528010424419850688e-01 9.218587343989051094e-03
-1.140238465390513017e-01 5.096360901960365064e-01 -8.528010424419850688e-01 9.218587343989051094e-03
8.528010424419850688e-01 5.096360901960365064e-01 1.140238465390513017e-01 9.218587343989051094e-03
8.528010424419850688e-01 -5.096360901960365064e-01 1.140238465390513017e-01 9.218587343989051094e-03
-8.528010424419850688e-01 -5.096360901960365064e-01 1.140238465390513017e-01 9.218587343989051094e-03
-8.528010424419850688e-01 5.096360901960365064e-01 -1.140238465390513017e-01 9.218587343989051094e-03
8.528010424419850688e-01 1.140238465390513017e-01 5.096360901960365064e-01 9.218587343989051094e-03
8.528010424419850688e-01 -1.140238465390513017e-01 5.096360901960365064e-01 9.218587343989051094e-03
-8.528010424419850688e-01 -1.140238465390513017e-01 5.096360901960365064e-01 9.218587343989051094e-03
-8.528010424419850688e-01 1.140238465390513017e-01 -5.096360901960365064e-01 9.218587343989051094e-03
5.096360901960365064e-01 8.528010424419850688e-01 1.140238465390513017e-01 9.218587343989051094e-03
5.096360901960365064e-01 -8.528010424419850688e-01 1.140238465390513017e-01 9.218587343989051094e-03
-5.096360901960365064e-01 -8.528010424419850688e-01 1.140238465390513017e-01 9.218587343989051094e-03
-5.096360901960365064e-01 8.528010424419850688e-01 -1.140238465390513017e-01 9.218587343989051094e-03
1.140238465390513017e-01 8.528010424419850688e-01 5.096360901960365064e-01 9.218587343989051094e-03
1.140238465390513017e-01 -8.528010424419850688e-01 5.096360901960365064e-01 9.218587343989051094e-03
-1.140238465390513017e-01 -8.528010424419850688e-01 5.096360901960365064e-01 9.218587343989051094e-03
-1.140238465390513017e-01 8.528010424419850688e-01 -5.096360901960365064e-01 9.218587343989051094e-03
4.438729938312456214e-01 5.611522095882536670e-02 8.943309495505727957e-01 8.934840966331491705e-03
4.438729938312456214e-01 -5.611522095882536670e-02 8.943309495505727957e-01 8.934840966331491705e-03
-4.438729938312456214e-01 -5.611522095882536670e-02 8.943309495505727957e-01 8.934840966331491705e-03
-4.438729938312456214e-01 5.611522095882536670e-02 -8.943309495505727957e-01 8.934840966331491705e-03
5.611522095882536670e-02 4.438729938312456214e-01 8.943309495505727957e-01 8.934840966331491705e-03
5.611522095882536670e-02 -4.438729938312456214e-01 8.943309495505727957e-01 8.934840966331491705e-03
-5.611522095882536670e-02 -4.438729938312456214e-01 8.943309495505727957e-01 8.934840966331491705e-03
-5.611522095882536670e-02 4.438729938312456214e-01 -8.943309495505727957e-01 8.934840966331491705e-03
8.943309495505727957e-01 4.438729938312456214e-01 5.611522095882536670e-02 8.934840966331491705e-03
8.943309495505727957e-01 -4.438729938312456214e-01 5.611522095882536670e-02 8.934840966331491705e-03
-8.943309495505727957e-01 -4.438729938312456214e-01 5.611522095882536670e-02 8.934840966331491705e-03
-8.943309495505727957e-01 4.438729938312456214e-01 -5.611522095882536670e-02 8.934840966331491705e-03
8.943309495505727957e-01 5.611522095882536670e-02 4.438729938312456214e-01 8.934840966331491705e-03
8.943309495505727957e-01 -5.611522095882536670e-02 4.438729938312456214e-01 8.934840966331491705e-03
-8.943309495505727957e-01 -5.611522095882536670e-02 4.438729938312456214e-01 8.934840966331491705e-03
-8.943309495505727957e-01 5.611522095882536670e-02 -4.438729938312456214e-01 8.934840966331491705e-03
4.438729938312456214e-01 8.943309495505727957e-01 5.611522095882536670e-02 8.934840966331491705e-03
4.438729938312456214e-01 -8.943309495505727957e-01 5.611522095882536670e-02 8.934840966331491705e-03
-4.438729938312456214e-01 -8.943309495505727957e-01 5.611522095882536670e-02 8.934840966331491705e-03
-4.438729938312456214e-01 8.943309495505727957e-01 -5.611522095882536670e-02 8.934840966331491705e-03
5.611522095882536670e-02 8.943309495505727957e-01 4.438729938312456214e-01 8.934840966331491705e-03
5.611522095882536670e-02 -8.943309495505727957e-01 4.438729938312456214e-01 8.934840966331491705e-03
-5.611522095882536670e-02 -8.943309495505727957e-01 4.438729938312456214e-01 8.934840966331491705e-03
-5.611522095882536670e-02 8.943309495505727957e-01 -4.438729938312456214e-01 8.934840966331491705e-03
6.419978471082389282e-01 1.164174423140872938e-01 7.578164312242328116e-01 9.514456581242128341e-03
6.419978471082389282e-01 -1.164174423140872938e-01 7.578164312242328116e-01 9.514456581242128341e-03
-6.419978471082389282e-01 -1.164174423140872938e-01 7.578164312242328116e-01 9.514456581242128341e-03
-6.419978471082389282e-01 1.164174423140872938e-01 -7.578164312242328116e-01 9.514456581242128341e-03
1.164174423140872938e-01 6.419978471082389282e-01 7.578164312242328116e-01 9.514456581242128341e-03
1.164174423140872938e-01 -6.419978471082389282e-01 7.578164312242328116e-01 9.514456581242128341e-03
-1.164174423140872938e-01 -6.419978471082389282e-01 7.578164312242328116e-01 9.514456581242128341e-03
-1.164174423140872938e-01 6.419978471082389282e-01 -7.578164312242328116e-01 9.514456581242128341e-03
7.578164312242328116e-01 6.419978471082389282e-01 1.164174423140872938e-01 9.514456581242128341e-03
7.578164312242328116e-01 -6.419978471082389282e-01 1.164174423140872938e-01 9.514456581242128341e-03
-7.578164312242328116e-01 -6.419978471082389282e-01 1.164174423140872938e-01 9.514456581242128341e-03
-7.578164312242328116e-01 6.419978471082389282e-01 -1.164174423140872938e-01 9.514456581242128341e-03
7.578164312242328116e-01 1.164174423140872938e-01 6.419978471082389282e-01 9.514456581242128341e-03
7.578164312242328116e-01 -1.164174423140872938e-01 6.419978471082389282e-01 9.514456581242128341e-03
-7.578164312242328116e-01 -1.164174423140872938e-01 6.419978471082389282e-01 9.514456581242128341e-03
-7.578164312242328116e-01 1.164174423140872938e-01 -6.419978471082389282e-01 9.514456581242128341e-03
6.419978471082389282e-01 7.578164312242328116e-01 1.164174423140872938e-01 9.514456581242128341e-03
6.419978471082389282e-01 -7.578164312242328116e-01 1.164174423140872938e-01 9.514456581242128341e-03
-6.419978471082389282e-01 -7.578164312242328116e-01 1.164174423140872938e-01 9.514456581242128341e-03
-6.419978471082389282e-01 7.578164312242328116e-01 -1.164174423140872938e-01 9.514456581242128341e-03
1.164174423140872938e-01 7.578164312242328116e-01 6.419978471082389282e-01 9.514456581242128341e-03
1.164174423140872938e-01 -7.578164312242328116e-01 6.419978471082389282e-01 9.514456581242128341e-03
-1.164174423140872938e-01 -7.578164312242328116e-01 6.419978471082389282e-01 9.514456581242128341e-03
-1.164174423140872938e-01 7.578164312242328116e-01 -6.419978471082389282e-01 9.514456581242128341e-03
5.817218061802611473e-01 5.797589531445219296e-02 8.113190098702620645e-01 9.412096393078529799e-03
5.817218061802611473e-01 -5.797589531445219296e-02 8.113190098702620645e-01 9.412096393078529799e-03
-5.817218061802611473e-01 -5.797589531445219296e-02 8.113190098702620645e-01 9.412096393078529799e-03
-5.817218061802611473e-01 5.797589531445219296e-02 -8.113190098702620645e-01 9.412096393078529799e-03
5.797589531445219296e-02 5.817218061802611473e-01 8.113190098702620645e-01 9.412096393078529799e-03
5.797589531445219296e-02 -5.817218061802611473e-01 8.113190098702620645e-01 9.412096393078529799e-03
-5.797589531445219296e-02 -5.817218061802611473e-01 8.113190098702620645e-01 9.412096393078529799e-03
-5.797589531445219296e-02 5.817218061802611473e-01 -8.113190098702620645e-01 9.412096393078529799e-03
8.113190098702620645e-01 5.817218061802611473e-01 5.797589531445219296e-02 9.412096393078529799e-03
8.113190098702620645e-01 -5.817218061802611473e-01 5.797589531445219296e-02 9.412096393078529799e-03
-8.113190098702620645e-01 -5.817218061802611473e-01 5.797589531445219296e-02 9.412096393078529799e-03
-8.113190098702620645e-01 5.817218061802611473e-01 -5.797589531445219296e-02 9.412096393078529799e-03
8.113190098702620645e-01 5.797589531445219296e-02 5.817218061802611473e-01 9.412096393078529799e-03
8.113190098702620645e-01 -5.797589531445219296e-02 5.817218061802611473e-01 9.412096393078529799e-03
-8.113190098702620645e-01 -5.797589531445219296e-02 5.817218061802611473e-01 9.412096393078529799e-03
-8.113190098702620645e-01 5.797589531445219296e-02 -5.817218061802611473e-01 9.412096393078529799e-03
5.817218061802611473e-01 8.113190098702620645e-01 5.797589531445219296e-02 9.412096393078529799e-03
5.817218061802611473e-01 -8.113190098702620645e-01 5.797589531445219296e-02 9.412096393078529799e-03
-5.817218061802611473e-01 -8.113190098702620645e-01 5.797589531445219296e-02 9.412096393078529799e-03
-5.817218061802611473e-01 8.113190098702620645e-01 -5.797589531445219296e-02 9.412096393078529799e-03
5.797589531445219296e-02 8.113190098702620645e-01 5.817218061802611473e-01 9.412096393078529799e-03
5.797589531445219296e-02 -8.113190098702620645e-01 5.817218061802611473e-01 9.412096393078529799e-03
-5.797589531445219296e-02 -8.113190098702620645e-01 5.817218061802611473e-01 9.412096393078529799e-03
-5.797589531445219296e-02 8.113190098702620645e-01 -5.817218061802611473e-01 9.412096393078529799e-03
